0.004734636922889277 0.030124752478928492
0.004380037330734916 0.030623871234107387
0.014732608686302117 0.016049742302384956
0.015149750476584446 0.015462355167338451
0.01548712199443529 0.014987283628441731
0.015765607867665298 0.014595124791487323
0.01599938755625847 0.014265915116274385
0.016198426325133665 0.013985623907792313
0.016369932549375577 0.013744101809256486
0.016519249403618638 0.013533825493269877
0.016650421490873372 0.013349099945471928
0.021709560622239207 0.006223125028915657
0.017646216947420863 0.011946699034540948
0.01769806250530258 0.01187368114070635
0.01774494756917886 0.011807649243870587
0.017787551553049414 0.01174764653657196
0.01782643521375158 0.011692883309408866
0.012444421058384177 0.019271548069963333
0.014781318789893782 0.024085535947443257
0.011503748249154282 0.021640995776439492
0.007521865667012102 0.027263937198066027
0.023246073588357813 0.0446819025009389
0.019447468965892094 0.028805742067084278
0.013630852471826145 0.02517820086861328
0.012012404946508574 0.027236333631590937
0.012597048325002512 0.026159675292967283
0.01186357553305711 0.026982360007043422
0.01031253667557476 0.02898541360486694
0.014558815711511856 0.02272354140318338
0.010136429138233571 0.028847918558709294
0.00849680914615288 0.03100832759122071
0.014744940023501617 0.038507324587773485
0.01075986064719164 0.02944373903551019
0.012674212471608721 0.03613961188572184
0.007054474228525445 0.035509833954228555
0.006709219494703168 0.03579090619229797
0.0050959692902565286 0.0379052284679143
0.004780994511109743 0.038161076140754764
0.007924955972104143 0.033456715621193754
0.007241913574988904 0.034260187064880585
0.009131069179774324 0.03137870150281285
0.007771259784687925 0.03316829384330035
0.008194801777636882 0.03240553769616078
0.01010506927531855 0.029518207580280967
0.010474902085512735 0.02884658190858702
0.010420064402178613 0.028789406468023304
0.01055616469748121 0.028464023435774612
0.007419916084337671 0.03282872060747392
0.006181564737717903 0.034478874188530136
0.006757009301015104 0.033537498244780715
0.007192807876628926 0.03280061006945793
0.006898826250315395 0.03311161525620762
0.0070106528976591346 0.03284612382405596
0.010360855896105407 0.03764598449184204
0.006516794438445362 0.03438567156676104
0.005744442191071577 0.035379778076321027
0.008492205196994139 0.03829727312363897
0.007503566479612409 0.03336522505692664
0.0077112151493914935 0.03295281846356798
0.0066177309488285605 0.03441398860147663
0.007371787683450246 0.033223400036882955
0.006494439716496219 0.03437968970801534
0.007119313662986645 0.03338156830923845
0.006820282223406413 0.0337130367251342
0.0046108724450675655 0.03678822832416387
0.005847140232824815 0.03492171228008422
0.010587956633154382 0.0368299379123511
0.0065008961425578465 0.0346902350311163
0.0069345444264952046 0.033970710130768716
0.006992302205769253 0.033793480997381393
0.0069501743111849154 0.03376210578009331
0.008638626131177843 0.03525072936916767
0.007508427282345915 0.033170360007471096
0.007047607300050688 0.033743376727519314
0.006232267473193854 0.03482817128655578
0.006548572800242384 0.03428750232959447
0.010233027852493783 0.03289591578616985
0.008557387494122305 0.03161381166240952
0.005657578907789881 0.03570759638407505
0.007814599706504107 0.03251822396857953
0.006869459714648721 0.03379903427834124
0.0071881662513211975 0.03326176512788672
0.006932346790165977 0.03355334061651033
0.006587214148010656 0.033974982110463826
0.00795023879460854 0.03475555874044349
0.007901363566201964 0.03611062764177315
0.009035787560136696 0.03245961530297722
0.008829126943918146 0.03431673497702119
0.008011451775693984 0.032589280788509985
0.008191769186880794 0.032250836264228436
0.0076649605931626555 0.035046573384392744
0.008123571786644409 0.03613304472655632
0.008733942889690696 0.03499897639125339
0.00724111763394006 0.0341296711418855
0.006632104220852601 0.0349405473016781
0.007153527783655018 0.03410284505264828
0.006021308858284192 0.03567936070291833
0.006996207788811463 0.034183736213544744
0.007190970885587196 0.0350439333654797
0.007015206828990527 0.03411570315524336
0.006543451052448352 0.03473424144367381
0.006732036762171996 0.0353726310667691
0.006803096917117318 0.03429876317952175
0.005828642476716037 0.0356566791153331
0.006463404143349979 0.03587354975356398
0.00773237725752771 0.03283639401377828
0.00747224563004171 0.033152998809189524
0.006121492592759047 0.03506726102059935
0.006977187101277241 0.033752023772598276
0.006719538407187978 0.03659459215406213
0.007067334308678282 0.035234334972507636
0.006984888127008856 0.035534148674538725
0.006316197162089331 0.03493611450169985
0.006447596414247788 0.034681013751591515
0.007249403890668559 0.03563268923065327
0.007667089795214167 0.03594840501620647
0.005563922061561312 0.0367504134524032
0.008002041264433277 0.03310765194827003
0.006039678506830718 0.03547942416228948
0.007096106251928678 0.03385699650353658
0.005210951293586694 0.03686696775433239
0.006522357849333175 0.034605073444533285
0.005849193616904662 0.0355439676461166
0.006110679850143313 0.03510014875502883
0.005633995386212508 0.03574927371187627
0.007666041062925208 0.03317648740163214
0.007568054042320276 0.032818063436482046
0.006059884834792036 0.03574298557832747
0.008036258804810962 0.032069126264805264
0.005636208691649449 0.0367581133977501
0.006577948127195641 0.035038882998858684
0.006628193501365002 0.03574563144943006
0.005772654843620534 0.03548780030074763
0.007191775630144593 0.03759833008145585
0.005768449861208061 0.03570907810957298
0.007704901595112562 0.03335199422294837
0.007294018111874564 0.03337873590174706
0.005989572592523445 0.03556379782108915
0.006130731915941956 0.03579414319108905
0.0065968458564888135 0.03573996153607159
0.006532866227248242 0.03511078299269144
0.005923492858994171 0.03616349173282404
0.006193160164211918 0.03663457900947827
0.006274820019231137 0.035642059594889954
0.0062598903843838535 0.03570883978054861
0.005892948727400831 0.03627495891583871
0.005391503396096137 0.03627235456254391
0.0059351330724736005 0.03663398389340212
0.005303628465626109 0.036392924424991265
0.006320036729482181 0.03662998160834193
0.007504509588883392 0.03940998937596482
0.006341577665201628 0.03717028356204324
0.006133113873915554 0.03691672578398109
0.00561706805960743 0.03645867585110641
0.005608723268814729 0.03642038258487363
0.005344808770890832 0.03676947226537641
0.004758842488700603 0.03760593726985267
0.004574828360214039 0.03783459819351876
0.005408643730118667 0.03765866556089108
0.004794475535691174 0.03748213142158596
0.00572702554633097 0.03760739778461964
0.005008021969978821 0.03716978545867504
0.005132315001181764 0.03693418573734963
0.005105448226577633 0.03831004217274304
0.00469212042937866 0.037597571604749275
0.005565489506756097 0.03804363231707654
0.005207242705790598 0.038522826382365614
0.005501123407976631 0.038659707631406935
0.005772422541917327 0.037730571364408
0.006061245161291067 0.03759936540519577
0.006039390246927347 0.037796107224299484
0.005289359296114115 0.03880156693057239
0.004507171336533546 0.03833935466374753
0.004703508429399526 0.03799232562742719
0.004534800024934587 0.03901693386608159
0.0064566269128458155 0.036537800925234724
0.004505493140043834 0.03828842344763908
0.00481810710461669 0.037764820828912214
0.004728020984896518 0.03902034692804145
0.0055921987480169475 0.036563477879540084
0.00495086622987922 0.037497953002663155
0.00468730785694542 0.0378556067566662
0.005802858657380336 0.0378192795495883
0.006293063579963412 0.03802707484957805
0.004050061747297418 0.038966713836737984
0.004752353138676454 0.03784961194023818
0.005692673989700164 0.036370641838744965
0.005209352764726784 0.03706536136238128
0.005313999193173836 0.040064867772509255
0.006712738980127101 0.036349317861833215
0.005715092409222921 0.039541728231169075
0.004447350691264057 0.038530715969035484
0.005087299857908952 0.03908162663299803
0.006207437825040959 0.03584715716912273
0.005667377753091367 0.0366301398377037
0.005542956928017469 0.036777981062581656
0.003980694964412784 0.03912144743126162
0.004885053940079717 0.037698846436836554
0.005301963018169651 0.03839546317599141
0.005972429874658116 0.037670787488108114
0.005504284065931621 0.0382039866645549
0.00574330845954127 0.03940097891103163
0.009044953458099324 0.0429324297341034
0.005785603289241847 0.03995429264113236
0.006465063687938721 0.036262133460037455
0.005647778940639907 0.03746588947395198
0.005669654940637536 0.03879377379070379
0.006805312581855865 0.038270173368775764
0.005089536995420829 0.03841587207593129
0.004816770549911477 0.03878833906801198
0.00410492784424866 0.03983167166252619
0.004763096237771226 0.03971968518786867
0.005646428060801561 0.038724312952892276
0.00544631305728285 0.037776437221428025
0.00519777156016971 0.03811374851209295
0.004608965519112994 0.040215713264227515
0.005241901897042903 0.03802940406470155
0.005035459280190368 0.04076695055721915
0.00553595249913303 0.03872329370852223
0.005125993181639962 0.038277002289521675
0.005924481565627504 0.03867871923798524
0.005273783703202938 0.03984959563801231
0.006588470023796089 0.03751553851884282
0.005968210863453837 0.03876031807998193
0.0055715400056017194 0.03774567383610294
0.005386747430924529 0.03798778832078939
0.00579382109396971 0.039357855224296905
0.005717707389422538 0.03908979489255298
0.005888155023749381 0.038840918307315245
0.005479338716434592 0.03795925223827958
0.0055565380724122235 0.037799448400228856
0.004819033100170357 0.03889219919825241
0.004329136156784879 0.039604048309807745
0.005751680840542681 0.03815716087783956
0.005131426299053348 0.03833342686298107
0.0046824055606525675 0.0389835938246508
0.005620376007811499 0.03859653418830609
0.005573124405749338 0.03886500740567569
0.005535306900520192 0.039347156785447965
0.005390861731012807 0.03939265076530345
0.0062385973982803135 0.03667938089094536
0.006762496455200694 0.035834266883367806
0.005498016958309174 0.037742814879852475
0.005808725693668713 0.038412218168452146
0.006358258807723864 0.03640312791732187
0.005644942167246022 0.03746383295487253
0.005930294776360574 0.038175248439222924
0.005632014173628912 0.039104343005887006
0.005045556041183195 0.03841904967262215
0.0054101979000628336 0.037819873439918765
0.005397713532069059 0.037802149443746186
0.0056091248742445475 0.03744008366034089
0.0057899827668429415 0.037990181783456145
0.006756546194303719 0.036700824114349745
0.005910771714659857 0.03741074230148882
0.005556482805798188 0.03749772660576807
0.005688755666040521 0.03840136609231918
0.006432840547381784 0.037992564610312723
0.005827909898929678 0.03712197659446473
0.0067097068389096876 0.03808146506423903
0.005800242024979677 0.039189223481518515
0.007489561454516287 0.03608217031558949
0.006411034822977505 0.036364659162477865
0.006554833987339288 0.037052552987162986
0.006680870934037834 0.035923319551032486
0.0062828091804300315 0.03747483936809991
0.006505641008241722 0.03748846071824873
0.006305968222606467 0.03781113932325887
0.004538621852017079 0.0413855787936361
0.006121176194234564 0.03800965641024117
0.00576215964229465 0.03746405921145644
0.0065529193025465745 0.037117359610809586
0.005999082562087194 0.037768869592734386
0.005587869744496031 0.037708270255149716
0.005544751863517898 0.03774058612687045
0.005739261399162363 0.037404577416131526
0.006073114342494988 0.03762027297645554
0.006223659681395087 0.038286468662815966
0.0059092049159002406 0.03715455831697183
0.005799028547381891 0.039134913798055795
0.00544425783595589 0.03789527472692939
0.006084772495899439 0.037960961329314216
0.007300274728485282 0.036774643777292275
0.005511521576535843 0.039361002996001294
0.00593550841907973 0.038260495225383384
0.006114602520911619 0.038529321847564094
0.005700684851931843 0.039493526867225875
0.006368665923615154 0.038302480920084536
0.0062214402878950055 0.03846633177033396
0.00720013142812641 0.036759076875214285
0.007295723039249791 0.036751361435633366
0.005716804666944004 0.03905948828588986
0.005243673266806899 0.039732373373414696
0.00708463620773605 0.036565514505752204
0.005572463716237409 0.03807167061589507
0.00599880456004008 0.03844818787591206
0.006162913192067272 0.03857570025599409
0.005864704895092686 0.039158115859710164
0.005852446831680143 0.038862431224519677
0.00532422133644178 0.0385286344765976
0.005995582549592891 0.037443449738422514
0.005842708354657715 0.0376498709199152
0.006441574516745253 0.03667969525125869
0.005835348624131823 0.03759602175551512
0.005604473879346797 0.03792479857477278
0.005664456675928575 0.03779877994773976
0.0059842230051142 0.03876048487172703
0.006164327858512471 0.0385856722384242
0.00576776646506904 0.037675987268038696
0.004999517759876273 0.03884580861572211
0.006882186289358594 0.03687402231223779
0.006081691967968706 0.038322724421570614
0.00670445453026736 0.036180106906413156
0.005916947562967317 0.037381761249744204
0.0058282725014629205 0.03748949953023939
0.006185651531723459 0.03878700001581343
0.005540020006663439 0.03796012175009147
0.005646998360148741 0.03926677063994844
0.006507027374715596 0.037995164610901515
0.005292497948937911 0.03838638620500806
0.005655497842229999 0.03956061966020049
0.005563288837088811 0.037976093407738824
0.006651519202047249 0.036241859531467024
0.005045882443571225 0.03872486531496113
0.00586797408464052 0.037408312051727295
0.00582253689030203 0.039244597749024605
0.006706951779402499 0.03857124113585427
0.0060880100475247615 0.03878932523437204
0.005752931921877985 0.03771604200644589
0.006661635130271757 0.036263020035736955
0.008084816990509208 0.03576805076244483
0.005740168648802765 0.03772240585345472
0.006574866923133771 0.03638586337126373
0.006437029589929238 0.03853669938132613
0.00586131334784321 0.0375256632103114
0.00584826285674465 0.03751678220167402
0.006170439265492564 0.03877740413231045
0.005872392285162683 0.03749436655676367
0.006772714086388408 0.03605603541798228
0.005354738254895968 0.03824658668405901
0.006732175345389314 0.037844757289830694
0.006955121621087207 0.037420589616076694
0.006486637967606369 0.036530377268105735
0.004875588075295654 0.03902431074586173
0.005582907282243262 0.03788841923766538
0.006555997918985584 0.038824843153145
0.006083345786607912 0.03883966811975507
0.006547988112590768 0.03828467208593321
0.007344162677164565 0.0367803174659799
0.005882532867396257 0.03929846458098771
0.005447108658024962 0.038304393928245334
0.005905863075824799 0.03755631969489671
0.005228189351847558 0.03859045528051015
0.0062170354108763435 0.03701232157537439
0.005741176940053275 0.03773011192183569
0.0059191543138515336 0.037423550190329134
0.006086139824475464 0.0387106286179485
0.006571215669615598 0.03792664800681812
0.007263537413231496 0.037174379620664666
0.005255532806180613 0.03854808709853838
0.00555474172419984 0.0380512228671884
0.005488364335004898 0.03812768986375601
0.006070846278424808 0.037187804200974464
0.005941373575756538 0.03736359853274676
0.005778041808513805 0.037592439848838734
0.006606490894067754 0.03794506690548997
0.005762567602221545 0.03762844439952162
0.005499921790348659 0.03801291535990838
0.005101584998627163 0.03860964745020346
0.004997404222860694 0.0387459572784243
0.005774386511010818 0.03750415320585269
0.007510327421795115 0.0372453583460232
0.005414875100503981 0.038110508577131864
0.005824073064580286 0.03744440346655357
0.005509275595234283 0.0379106539506067
0.006820828520724233 0.03999166147646223
0.005176782873040415 0.0385367841101114
0.006102158862411755 0.037064350900314465
0.006059358252844702 0.03898326140537325
0.006652009119982533 0.03622387266225199
0.006266106424586561 0.03680160340005562
0.005448013716166098 0.03805428937605387
0.005926393664588302 0.03728163661231057
0.005568812706777408 0.03781473817395218
0.005550031936555475 0.037818848220536626
0.005548078299596352 0.03779682737762092
0.005658037766643632 0.03760036266305571
0.0059171933521591875 0.03909342315479689
0.006274444462135753 0.038592611425575275
0.005879527962084789 0.0373227611120836
0.005927017524633649 0.037223987776054665
0.005751325095220545 0.03747358105626023
0.005677500814789443 0.037564279101870865
0.005004064003309607 0.03858999142469921
0.005653868377391097 0.03755257374795785
0.004847338811917646 0.038785390882548884
0.004726671670833093 0.03894910366251694
0.007160980893251945 0.03791165605254984
0.006525265854045908 0.036200751497386406
0.006550298903208256 0.03613826070419282
0.005463138301383308 0.03780810237785081
0.008065094260414945 0.03892613901244366
0.005366516254564223 0.03809998804162799
0.006938903016045247 0.04107975043949438
0.004703507656370958 0.03928073816726834
0.005327719191891435 0.03828476670318288
0.006448741849111103 0.04040235661994721
0.005990497486319939 0.03734377259344787
0.00456855476233568 0.03953241561566712
0.005774782967689488 0.03763149120116121
0.005330710986318352 0.038298324014886295
0.005771518946302312 0.03758903685069925
0.005065287565447845 0.038663299337340425
0.005016068132704873 0.03871606473093625
0.004820697468775639 0.038995994133411364
0.004834812161062212 0.03895049742196159
0.004740924056225485 0.039072857359502236
0.006523268422671138 0.03835262443119704
0.004186828358933999 0.03996032429572084
0.0062679219357787246 0.03857918008030411
0.005792319072433922 0.037486315346571465
0.006326049078563398 0.03823449632107265
0.005435312522342136 0.038050887742250385
0.0051404818451631475 0.03848592288130199
0.004845972661760956 0.03892035298828785
0.005056393509813344 0.03857075429406026
0.004688395790477983 0.03911923427148659
0.00586304397438402 0.03727365711899178
0.005843757680663121 0.03728138911394706
0.00617388511199391 0.03842214281178121
0.006012558512620646 0.03703240420786866
0.005436688141631932 0.03790389007474206
0.005774189482718823 0.037358332181606696
0.005245850763969321 0.03815582270780453
0.004827343228526264 0.03878275651078876
0.005257509094268133 0.03951121644911068
0.005660736866364115 0.0391051395747005
0.006333564455836836 0.03774769218568549
0.0060569424149716595 0.0369330631419897
0.006085014134982505 0.036868022000332935
0.006378425490206882 0.038515097927944476
0.0057624887433800655 0.0373968905416017
0.007030998458021995 0.03540711129126003
0.005288214161772217 0.038089826508228904
0.005528126486377375 0.03769632628568335
0.005022796581730476 0.03845865948887542
0.005612806268623475 0.03752271000962566
0.005948039584615496 0.03698214239631858
0.0066712256767404166 0.03768026899870143
0.006335209200912892 0.03726910648882947
0.006086009854415656 0.03679575815000841
0.0060246522423617836 0.03687022216325666
0.005903907556525257 0.03703679447269525
0.005758403299686511 0.037241751717113754
0.005223581138612553 0.03804988530944561
0.0056567489375098454 0.037403380481612535
0.005879016942841455 0.03724189048314202
0.005325573471315645 0.03782109522430971
0.006136518956503721 0.03639203613853808
0.005943126664324084 0.03683680989166212
0.006356706422104097 0.03617534569178385
0.006338091321608734 0.036184553516370954
0.006368443963604999 0.036117912606347884
0.005984283242846475 0.035437024322248864
0.005081741845948579 0.03644499392029125
0.004716493622826419 0.03635225367374616
0.004877892657336844 0.036002156162803375
0.005579799762722667 0.03504596803908553
0.005849011157959607 0.035607438086127575
0.005549706771400967 0.03513293197894722
0.0056667264714127035 0.0347946340720147
0.005703434480372678 0.03446539523034631
0.005266068778351332 0.0351832749393609
0.005048430885419536 0.034337832003691525
0.005333882128304194 0.03466686038577751
0.005176811154316244 0.03440271280061228
0.005315007649887489 0.033758622137601425
0.00544596395122731 0.0339605197074628
0.005455485118975856 0.03389641284742886
0.005421838274400023 0.0341887562047565
0.005143854926195204 0.03343695004005503
0.005072496669211076 0.03321451798453833
0.0048562234177821914 0.032963184748579455
0.004205703946121296 0.032000982329250985
0.006894439147211678 0.02744429295977311
0.0045024471161612635 0.03196852211680346
0.005358485432038573 0.03164609796871534
0.004469491915507697 0.03174034095061512
0.0046545640407491245 0.031895277108551466
0.005831422272387223 0.02912854592124627
0.004156571654004069 0.03100775290486232
0.006903740390917599 0.03211773801126656
0.006721748519817689 0.03238566452502546
0.0029817096067433595 0.02922372296857597
0.006113962430793984 0.03301949225134811
0.006135602819822572 0.03297584154302521
0.006157170292520124 0.032932359650095125
0.006178665206767004 0.032889045595292876
0.00620008791819657 0.032845898408880865
0.006221438780211375 0.03280291712857569
0.0062427181440001655 0.03276010079947886
0.006263926358553588 0.03271744847400358
0.006285063770680022 0.032674959211806
0.006306130725022955 0.03263263207971743
0.0039417203287436435 0.03623841113780846
0.006274952212066838 0.03266023848933833
0.006295929259003281 0.03261819088441093
0.0033454731398712217 0.037118013133398034
0.006247799250650473 0.03267192890292152
0.005084509549643579 0.03443958946098431
0.0062539033127052765 0.032642927018384
0.006506211718308727 0.03224774283058048
0.006205341407319395 0.03269758617217461
0.005890192320594329 0.03316911960487098
0.006378031104986841 0.03241455730708253
0.0070187974276804095 0.034372482493988735
0.005717885871463051 0.03349092967417518
0.00589533949826077 0.033210278422910855
0.0057277745544931985 0.033456188004676785
0.006926667477499414 0.031617407720808614
0.006994143555298103 0.03150504968793161
0.006963069877367032 0.03154306436221417
0.006359787296011296 0.031964657000026576
0.007422207996615499 0.03175314759497831
0.0072155325274325405 0.031142981419379778
0.006985958477080694 0.031484028118489965
0.005951261192691625 0.03390920474250235
0.005182237422333857 0.03424181829898558
0.006612324866480262 0.032050515189011856
0.006542069593632738 0.03214842408195972
0.00646229783221479 0.03226085029291556
0.006662632936508931 0.03194615184704951
0.006681976815408874 0.03190752889819091
0.006426900640700637 0.0322872751856292
0.006712563738885257 0.03184276702599725
0.006446760744288341 0.03223882108110335
0.006742667867758067 0.031778914151996136
0.006094172895884288 0.03091530428879612
0.006176838143140865 0.030955992498576092
0.005759741194275043 0.030378574925398666
0.005293551009813041 0.0297403728005076
0.005862186106993768 0.030383048079392846
0.005817764737495458 0.030267203282534672
0.005769213267335305 0.030146414256705167
0.0055898257150973326 0.029863731800420516
0.005418907160027866 0.029591637772103763
0.005089179650997966 0.02912284970906443
0.006419040564564036 0.02751806251404278
0.005308050288012801 0.02918338682061982
0.0047042295297245055 0.02837514619885302
0.004846694784320513 0.02849235851757246
0.00561313825524027 0.026719879689259853
0.004437132834956023 0.027790916638239998
0.006522485347408514 0.030320999164125974
0.0038371611823012517 0.026928306631655248
0.006482846577686905 0.03015563389286693
0.0065021771222024 0.030121845603618094
0.006521447129464356 0.030088173226024723
0.006540656879691329 0.03005461616472715
0.0065598066514031255 0.03002117382843498
0.00657889672143414 0.02998784562989335
0.006597927364945676 0.029954630985848014
0.0066168988554384375 0.029921529317011152
0.006635811464764367 0.029888540048028756
0.006654665463139076 0.02985566260744536
0.0066734611191541825 0.029822896427673502
0.006692198699788694 0.029790240944959363
0.006710878470420507 0.029757695599350664
0.006729500694839629 0.02972525983466473
0.006748065635258287 0.02969293309845795
0.006248656237932772 0.03043787589574184
0.006770451343502464 0.029650470248396378
0.007515785349451775 0.02852788432242633
0.00646559816875059 0.030098960201348193
0.006473800647285919 0.030082228790548053
0.00783324997125079 0.02803901485546493
0.007770196431513906 0.028129403347552425
0.007730730607541927 0.028184417871752975
0.007341228894390358 0.0287642219711496
0.008069331865540859 0.0276685332732297
0.007137248403952123 0.02906157734741422
0.007661071978558711 0.028272298407262947
0.006843718878197379 0.029493050300160792
0.00656225441420886 0.028667383507476427
0.006186220304930669 0.029165559548881
0.007398886075407433 0.028580701468036557
0.006494436876755204 0.028185202932330223
0.006501990356158334 0.028143664890849296
0.006627977437170036 0.027860459964060447
0.006706695248190698 0.02736550567724147
0.006477535713220258 0.027924151433905905
0.006364703926902947 0.027923782409364706
0.005891775013307488 0.02754081955755697
0.005780468260345505 0.028043500975485584
0.005570698814820556 0.028309241936792236
0.007969020336690048 0.02497192653656491
0.006270598130029672 0.027188708447997596
0.006475240426542166 0.027529701710037453
0.006300918704640917 0.027262801418702205
0.006485124996850291 0.027442072482784442
0.006718728461069338 0.027683054847879144
0.00564483248354331 0.026296774795082644
0.006022636358392531 0.026717479377075606
0.0064158691997025005 0.027157724648564
0.006041026791084603 0.02664168461981622
0.0061704952087981565 0.026753832834784975
0.006644475715714657 0.024662419257384917
0.005228523160573739 0.02541363786840133
0.005240409390297118 0.02537964247070662
0.007148223419770647 0.027710110468525805
0.007064186095971082 0.027557202521467733
0.008192182711807142 0.026443381411262675
0.009166691504557749 0.03002201393184132
0.009071006949656702 0.029855413974279297
0.009061512025719334 0.029796534157770293
0.008968466240182792 0.02963343116284945
0.009027384939565012 0.02966025396532587
0.009052813474683728 0.029645393093998055
0.008102504444459854 0.03124027389239987
0.007665003503107184 0.03095370909103881
0.007725830108364499 0.03092740515408384
0.008794413607865365 0.029361777976635636
0.0077542096558424305 0.028013417151849396
0.007545182990673491 0.030547834886104245
0.007452801609959575 0.03051858960458561
0.0073773572171846906 0.030294784646604636
0.007723215410414931 0.028003492047009092
0.006902810097053912 0.030031070437178033
0.009196615111116581 0.027019829623409982
0.008955817993859626 0.027615613091704773
0.00828971308515242 0.028853078937649792
0.008070340902671863 0.028944856152045843
0.008229156463446713 0.029104391863955026
0.008038296959587788 0.02983852899079186
0.008289734165628263 0.02902326757729258
0.008120673458498111 0.029637695090151208
0.007922955020466438 0.029255674386582182
0.008094688049953442 0.0300340629874097
0.008097304612200481 0.030172448125763744
0.0077667961205175485 0.029514142242972597
0.007863403055611114 0.029310854216140148
0.008098542438545077 0.029399060343343775
0.0076173470105742784 0.029644795290188722
0.007842922641273516 0.029161131259875177
0.00769900064408929 0.029857521266999254
0.007625230052824105 0.029227154776618677
0.007600402033079301 0.030033265857079036
0.0075721359667580415 0.029911184680647632
0.00765750796430341 0.029917987519838114
0.007758234826102277 0.030093334108691017
0.007866886310138212 0.030270362634901644
0.007608056468861167 0.029882769231675606
0.0076746836662153085 0.030013220009833412
0.007250722995321297 0.029395472831537567
0.007833405736914295 0.030080732686739515
0.00775742445705602 0.030233093389321872
0.007133277555544138 0.029631279863579545
0.007705221298239189 0.030085299987862538
0.007771159419091166 0.030122645761639855
0.007935181115218026 0.03026600279622959
0.007741592255498731 0.02998428183997829
0.007675897000495212 0.03012237493285017
0.007247174883751145 0.029600499951266738
0.007740165226435308 0.029849819351777836
0.008011806064216703 0.030090533184618157
0.008029602510653424 0.030149461374067068
0.007977613114307117 0.03015932409962982
0.007855686167429623 0.03013877561216545
0.00775891554394978 0.030172556538444698
0.007859683398111123 0.029930497754896278
0.008043337652821307 0.03042023946086688
0.008019553228212262 0.030093131567900853
0.008109923944045626 0.030253215557896503
0.008052830683900945 0.0300232442396766
0.008139781459823274 0.03033973173540556
0.007827513925437863 0.0298178850374585
0.008331010123150491 0.030541897132309283
0.008192723539852325 0.03121418231754192
0.008205473087874187 0.029933918689875837
0.00730977124633779 0.03000061154203091
0.007169117469916713 0.030204257068601807
0.007088287356344902 0.030318984860744136
0.007436530096435907 0.02979614480778761
0.007222482124815829 0.030108853710358596
0.00694469456342656 0.03051622114968959
0.007151470573158187 0.03020369676887571
0.007147469874016951 0.030204331303318586
0.006879722078533921 0.030596726510879007
0.00603866869892085 0.029261283559560584
0.0053074166915484215 0.02843366831132265
0.007261332807830992 0.030910515840183082
0.007199067246461447 0.030936948737111936
0.007203206765503629 0.029973809822062047
0.007010492580187007 0.030255200966599092
0.0066737585938265774 0.030750582788893484
0.007304632276739046 0.029808078314094145
0.0070671844921859845 0.030155926380924524
0.007117019263805554 0.03007690915885188
0.006889700754337593 0.030409659302534104
0.007119314607105818 0.030063603067385918
0.006837678207721281 0.03047701213026273
0.007025051299432632 0.03019377182744451
0.007418138236921077 0.029605071058174975
0.007571350850683305 0.029372695573134724
0.008084443267939067 0.029674744812031726
0.007854303145350319 0.03021835249450107
0.008449440343559843 0.029476114115958536
0.008419824988078623 0.029265077689824042
0.008060816536844909 0.030156670288373825
0.008242367563926198 0.02998219128131202
0.007333710230031919 0.028882642265434865
0.008566703394421385 0.029972970818129534
0.007992593957574982 0.03061586753520843
0.008738773590932364 0.029098402295416628
0.009443731430399562 0.030392474265207005
0.007932455692922676 0.030212736271906068
0.007404190517205658 0.029944185058930158
0.007916045618201016 0.030601155465867086
0.006766706770770334 0.030900083970757365
0.007950479076103268 0.029135180742294167
0.007530545214337291 0.02838651480455467
0.006745542553988445 0.029958251750462843
0.00711973707335891 0.027443740939392627
0.008972708314075586 0.029766073474400054
0.0074757220599893605 0.02975184338401947
0.008173841376720925 0.028708420078367266
0.006886010752188505 0.03061883441146709
0.0077464625873452314 0.028040938766474757
0.00789699860154114 0.02630269192658215
0.007373200915205433 0.02810857072881408
0.007510332227058261 0.0295436453125769
0.007630496185613266 0.02936008932574775
0.009510246529755576 0.029027097744215656
0.008940501916056248 0.02986589112707107
0.008891611659869906 0.030474734769335515
0.009767792816851468 0.02878792963121388
0.009429754153252558 0.029660596996258035
0.00967490456876112 0.029836691259177116
0.009479103151456832 0.02933993457107513
0.010195906353405068 0.028047578606014027
0.009993896138061103 0.029347163076029897
0.009260950330844389 0.030145947129060244
0.009225301181605541 0.02996942722363385
0.00936662083636022 0.02980509040912978
0.010047463110105764 0.029239079138058163
0.010147843981843535 0.029040888801179894
0.009993366231850757 0.029679668255924767
0.009455783805400792 0.030522534622717937
0.009505659220216144 0.030171777606340187
0.009563093120950267 0.029725994074768433
0.010695174649286975 0.02863885757762482
0.010124988546059208 0.029976718825637225
0.01077978079038888 0.02908705745941275
0.010052381892579659 0.028742085227102976
0.010066783452963787 0.03008367726377232
0.010756559102178898 0.029252663393681697
0.010126916050093563 0.029645127758310415
0.010432377390541864 0.029149341889118874
0.010124592152383717 0.029976343685836418
0.010144009949883584 0.030248797219459903
0.010695854498816739 0.029240234377753794
0.009005922206616824 0.0289059843084799
0.009497867345346122 0.030696908183858295
0.009419707063467822 0.03088193428433733
0.009215963579750356 0.031044647913068605
0.00965501243429958 0.02997511803029331
0.009424327679329299 0.030394951017605497
0.009942806259770053 0.0293459882017492
0.00992222563700626 0.029831910072915732
0.009581424606439404 0.030167815705273243
0.009383405660647352 0.030180658788751667
0.009887230780971005 0.029005683261264986
0.009388718294862658 0.029603124469427606
0.010250526966832256 0.028328459582826326
0.009961250920579683 0.029264339685924047
0.010430065617103376 0.028430672213992574
0.009697016042373592 0.029472499577709275
0.009684784875532593 0.029194187402589843
0.009487730919608478 0.02934648202251639
0.00939819621677502 0.029607245460700947
0.009304356865860989 0.029668812895677927
0.00949554447113821 0.030022800106109516
0.009448990301383213 0.02995552917440715
0.009356292820076235 0.029875872560679282
0.00994320041786231 0.028994228264417898
0.009258045689741982 0.02962251531151868
0.009059740447505203 0.029177302303365314
0.009829596590735169 0.02880077641592566
0.00941909699192691 0.029788313661816106
0.009640741371974494 0.03018228486452728
0.009535123036005285 0.03007308992945876
0.010285320381159545 0.02935126756730932
0.010313082932782951 0.029351885683560175
0.009563439142377263 0.029861725152160595
0.010372775402822096 0.02939021435894687
0.010116160013104027 0.029021878377697503
0.010467142695054193 0.02944242958180047
0.010079230584410225 0.03024018417253416
0.010982656919151804 0.030069540383252234
0.010815002532891077 0.0298169027002098
0.010556646295270393 0.02944646200808701
0.010442109055096212 0.029262908434454737
0.010641888103946394 0.029487849888715716
0.010108764560922677 0.030358761477551788
0.010206616214593312 0.03061307044226822
0.00991132503033046 0.030773418250180807
0.009797067500500353 0.030737773046172184
0.010774922538901971 0.02965089668315263
0.010531064596301402 0.029299073466604004
0.010755340118090395 0.029556723348102613
0.00969177023515723 0.030729490811690914
0.0098561264493779 0.030843693049775467
0.009881554137637038 0.030723759215972646
0.010175763431233373 0.030848605361092102
0.0098026516385282 0.03098835719673158
0.00990754874236399 0.030728395418652674
0.010229916826251538 0.030260852748329632
0.010467724727419397 0.03016357829592815
0.011071939194775086 0.029997993483385665
0.009459169335314307 0.027858110093414094
0.009707538649876845 0.031027605949919948
0.009891735992755498 0.029824230989976396
0.011071175998376707 0.029947910718920338
0.010477015396273668 0.029137601279974532
0.010252117530847154 0.02880989526635441
0.010348236170756937 0.03078727647541565
0.010295850823123082 0.031200090909354536
0.010736423182154297 0.03135003630662483
0.009764763436338902 0.02750002358737831
0.009535277412896477 0.029602483701255435
0.009964749443742529 0.0297822376104736
0.01059951722158879 0.028208680260678663
0.011058761158957795 0.028419697264439794
0.009904999124836474 0.02922969311431873
0.00999088223705788 0.028279445670696776
0.013312475688022761 0.031958449508997774
0.011816140352766458 0.02883871329007118
0.010052236479154824 0.02628651733271691
0.01109511683415351 0.027572324524646405
0.010739058235001797 0.028086846361152766
0.01032024945423864 0.0286933888497856
0.010715621510914009 0.02810544542655194
0.010755628104609071 0.028038891445204592
0.010550694863287871 0.028331668292714867
0.010791616358974103 0.027970436445607996
0.011097474269342952 0.02791687445699577
0.010735636523566166 0.028188210888705042
0.011023727958582983 0.02825227051299199
0.010635392212225241 0.028191646475684347
0.011390173637849022 0.029745158471909665
0.01105492357810329 0.028487318120183965
0.010885370292859806 0.028528291803571897
0.01100265993659479 0.02822988077801778
0.010424774602853853 0.02917122141505143
0.010254519124489547 0.029578157316533526
0.010314028687700665 0.02919499473332903
0.009504190939527384 0.027869966979457903
0.010775183531748528 0.028371894861280673
0.010559878904652997 0.02884409804146234
0.010649553827819052 0.02875029005688977
0.010886206394747163 0.02854586141145566
0.010293142861628074 0.029477244021110464
0.010488782450746323 0.029075772870504002
0.010310541462114227 0.02935227150729708
0.010384610448304599 0.029222317890828877
0.010535757306810398 0.029110582420442392
0.010292946094692688 0.02962075748405988
0.010736485007882848 0.028058858516239325
0.01019016578855394 0.02946055148746042
0.011044163520373053 0.028236346460609785
0.010576224286491784 0.028715209850434777
0.011108836758686454 0.02851029874177882
0.010614799708453825 0.029360278062382485
0.01106427329434978 0.02865026365718594
0.010311990336278252 0.02992731713918677
0.01051554888034424 0.029488157001767167
0.010537960576480153 0.0296847406640628
0.010869093901570622 0.029325162269395275
0.010134551079019215 0.029083125989125085
0.010917055847928436 0.029715564921498835
0.010536788801563413 0.030024034599470558
0.011258963498178514 0.029316744421877053
0.011291248171249242 0.02936030188774915
0.011476317021214797 0.028787584670217515
0.011228864058270636 0.029145014075855465
0.011270248547157854 0.029199217523707816
0.011602907409116441 0.02864380483786463
0.011562124505511183 0.02849519724630758
0.011099755724917795 0.028811184945387047
0.011733066252261747 0.028554352611412686
0.011059102615664814 0.028904502435898788
0.01129675566376782 0.028428614828946177
0.01056490496799039 0.028700632687853275
0.010521220591532706 0.02905425071010891
0.009843851928276463 0.028891675747316707
0.00941731038463054 0.029142536257459162
0.009433031606744509 0.029846966954350868
0.010688575864949566 0.028698244152428706
0.010403696071974973 0.028270590578965846
0.010500706913966176 0.02869228175096405
0.010021007683471365 0.029391410926793333
0.010905593025210289 0.028080261259486976
0.010697083867076641 0.027774009895797595
0.009563353690063748 0.030031921500334118
0.009849200617375197 0.02831340351132958
0.009822674684038146 0.029145306114014027
0.00959611794165003 0.02796423556882197
0.010282668652757834 0.028706244070373924
0.009576660319004655 0.029903675369083928
0.009430728139866363 0.03011134584401833
0.009240317155165793 0.029527374492164235
0.010563352322172932 0.028409944572112454
0.01059975640166708 0.028348840898879145
0.009620879357592873 0.029785195349362147
0.009624714445276468 0.02903613875312489
0.009860880502213159 0.0294029852807439
0.010414708569276341 0.02857865233987455
0.010430125335909153 0.028548590326603708
0.010555995956920045 0.028355630988425626
0.010018406555324858 0.029141234000785842
0.010186134657320782 0.028886567535022622
0.009792198829329577 0.029460236374594627
0.010107210179044793 0.02898842389886701
0.010429702538568238 0.028505637739020442
0.009725158033004487 0.029537276820083724
0.01043317417299553 0.02848612434459268
0.010568169341907706 0.028279918991275035
0.010740803350317286 0.02801825748788504
0.010774288814480152 0.02796177428028754
0.01053679671509911 0.028304774989681834
0.009704447061534642 0.02952459580795349
0.00911242034736018 0.027710644411603244
0.010334930069547006 0.028532925724423345
0.010087243590372623 0.02889107043120356
0.009706674185029919 0.029445084838138885
0.010166231799868471 0.02749010996983458
0.010578704774039896 0.028122875768702118
0.009109935848599558 0.027910560108837985
0.010170403439258945 0.028668622780837736
0.009831659926071256 0.029161237104037882
0.009726586418121037 0.028007773929365348
0.009659167161333844 0.028048994543584987
0.010003172838496853 0.028356018866785626
0.00969886588710628 0.028409183190439825
0.009977102559496224 0.027865185615685642
0.00981430789190142 0.028907049081585718
0.009236605837836354 0.0286348147288387
0.010366305147632544 0.027447917776550968
0.010653414282011955 0.027803720354383086
0.009675679986609145 0.027419241514436338
0.010523236442384912 0.027589494069382423
0.008689295653163013 0.027962791729640023
0.008656835210963434 0.028983551907437108
0.008382708705532356 0.028783130007074584
0.009884751091143201 0.026810541103769715
0.010553738485564162 0.027678804880864206
0.009745851517112887 0.026567587136632664
0.010555087723304001 0.027624043593769753
0.010562892270467208 0.027606305000141575
0.008147813323071402 0.031169985191534584
0.010536148863209558 0.027633475330337737
0.009293495530693965 0.029464000696715866
0.009571690839857627 0.029046603613702298
0.0105208722164866 0.02763760658688284
0.010528669741092395 0.027619959679568405
0.010536452465195658 0.02760234905994052
0.011180457209071381 0.02843840878715072
0.007271630262676249 0.030406787473808608
0.010513220209254062 0.027613201194901765
0.010520988236857001 0.027595664108938094
0.010528741588797916 0.027578162911686757
0.01053648030632565 0.027560697493104164
0.010544204430535864 0.02754326774359648
0.008589698390124556 0.024891854656810646
0.01052572292452082 0.027463023226713287
0.010533438404566792 0.027445744464750912
0.010541139382512558 0.02742850085059079
0.010548825898918753 0.02741129227710668
0.010556497994196105 0.027394118637608596
0.01056415570860631 0.02737697982583882
0.01057179908226254 0.027359875735969805
0.010579428155130043 0.027342806262602617
0.01058704296702715 0.02732577130076417
0.010594643557625384 0.027308770745906128
0.007669561623346659 0.023353063880464348
0.010559587632420644 0.02720742460982782
0.010567197858684221 0.02719059338234053
0.010574793913208081 0.02717379601600627
0.010582375835274927 0.027157032408754618
0.01058994366402326 0.027140302458924296
0.010597497438448369 0.027123606065261947
0.01060503719740328 0.027106943126919487
0.010612562979598653 0.02709031354345321
0.010620074823604194 0.02707371721482071
0.01062757276784858 0.027057154041379414
0.01063505685062082 0.027040623923883938
0.010642527110070207 0.027024126763484875
0.010649983584207483 0.02700766246172625
0.010657426310905282 0.026991230920544618
0.01066485532789835 0.026974832042265653
0.010672270672784822 0.02695846572960269
0.010679672383026553 0.026942131885655758
0.012897301980078447 0.0298971093480652
0.010732293695309945 0.026960455407240288
0.010739618136633482 0.026944171537038267
0.010599371070655802 0.02577637082198312
0.010751882041011225 0.026892076446316908
0.010759167217178824 0.026875910965280997
0.010766439087874582 0.0268597773211146
0.010773697689282534 0.026843675419867933
0.014162401606643253 0.03137359758751246
0.010845084577997552 0.02688807243219106
0.010852245564224759 0.02687199067223204
0.010859393542598983 0.02685594042808009
0.010866528548299672 0.026839921607190082
0.010873650616380676 0.026823934117379985
0.010880759781770938 0.02680797786682719
0.010887856079274639 0.02679205276406799
0.01089493954357149 0.02677615871799456
0.010119318595577168 0.02791420605974137
0.01089610838257463 0.026763569218145697
0.010903166721292646 0.0267477475172074
0.010910212337730108 0.02673195655476036
0.010917245266034567 0.026716196241320683
0.011485143548457732 0.02745508745948071
0.010940511353333588 0.026697196886902478
0.013021791816279563 0.023623406686780427
0.010988866873507327 0.02661515180459081
0.010995794296819692 0.02659957883047977
0.011002709317450798 0.0265840359103946
0.01100961196846706 0.02656852295742533
0.011016502282819397 0.026553039884996982
0.011023380293341954 0.026537586606867655
0.011030246032753543 0.026522163037127112
0.011037099533658317 0.02650676909019489
0.011043940828545097 0.02649140468081886
0.011050769949789145 0.026476069724073573
0.010095790781049786 0.027877928251502697
0.01104864683470138 0.026468686804035885
0.011055454355677919 0.0264534169735432
0.011062249803914518 0.02643817630365894
0.011069033211299439 0.026422964710938593
0.011075804609610386 0.026407782112255588
0.01108256403051439 0.02639262842479961
0.011089311505567192 0.026377503566075627
0.011096047066214977 0.026362407453901983
0.008235385886880602 0.02248593424106596
0.01106303304263345 0.02626974314962633
0.011069778132649158 0.026254790866099817
0.011076511345640748 0.02623986689583549
0.011083232712764443 0.026224971158496483
0.011089942265068846 0.026210103574049362
0.011096640033494821 0.02619526406276224
0.011103326048875784 0.026180452545204663
0.011110000341938623 0.026165668942245736
0.011116662943304002 0.026150913175051787
0.011123313883486396 0.02613618516508583
0.011129953192895486 0.026121484834106774
0.011136580901835653 0.02610681210416621
0.008671549608136445 0.029731039450887568
0.011110216203436345 0.026135829187157237
0.011116845515296568 0.026121182987130478
0.011123463280766242 0.026106564185964198
0.0111300695298124 0.02609197270685332
0.011136664292298879 0.026077408473279152
0.011143247597987389 0.026062871409009147
0.011149819476537114 0.026048361438094383
0.012601663220774436 0.02390660344546096
0.011185963986287597 0.025985520570587603
0.011192481870226407 0.02597112212000756
0.011198988478803547 0.025956750406329356
0.011205483841087665 0.025942405355155337
0.011211967986047589 0.025928086892363488
0.011218440942553575 0.025913794944105874
0.011224902739378007 0.025899529436808327
0.009742060733953008 0.023876725311602787
0.010144041681430583 0.024857227609522407
0.011203177749763269 0.025809015561802602
0.011209639042055288 0.025794903013113622
0.011216089225013163 0.02578081644633629
0.011222528327113108 0.02576675578979093
0.008840961393966413 0.02253084643169681
0.008975263152860027 0.022639130216841406
0.009232615306602738 0.02301300112504084
0.009966579762258457 0.023980808156029387
0.010500751297483995 0.023454643448357685
0.009740860757152116 0.024261257855125055
0.010958186843912782 0.025242872076420432
0.01035901226649088 0.024411393708795255
0.011083276330224929 0.025366927448704175
0.010216372646075732 0.025868332741273
0.010124847458037444 0.0259437847120224
0.011296217522642166 0.025643584176092887
0.010196611629937697 0.026134965379351734
0.010462742895348041 0.026803678632960865
0.010181016782095835 0.026730614240826987
0.010225906992672472 0.02666061853099099
0.011085900397130484 0.025393164516979493
0.011092377483025625 0.02537967079662264
0.010286712523126296 0.02655921293502262
0.014328637090144711 0.029748938845904748
0.010140032007592103 0.02406029476794505
0.011377336218173266 0.028091094576133364
0.009816606435621239 0.02628189223615454
0.011493093095480971 0.02590236378241933
0.010811250585629274 0.027553886594973563
0.010002516723868727 0.023880387261838498
0.011138955193554536 0.025396735914661357
0.013797671443515163 0.02897439576298299
0.012499868484255426 0.027195311551137767
0.011220076082639191 0.025440635853575137
0.011226372075039499 0.02542726261855153
0.011232657486377388 0.0254139132902423
0.010654186282134312 0.024608807646810536
0.011236210368095315 0.025375117544210096
0.011245325788341781 0.02536571420819607
0.01124876752222092 0.02534866557997305
0.01170145384978431 0.02594005620100694
0.009335326142633283 0.024369669269799513
0.011652439834723362 0.02585600792594952
0.008593374886471019 0.02464162920081813
0.010427578776099313 0.024198840300602754
0.011216725379775213 0.025246444359100177
0.012535598737900406 0.027011979384671307
0.011882834669613046 0.02610602812397916
0.01126539050497806 0.025247939404010745
0.010009763811177356 0.026816991428482772
0.010494325950867358 0.025956068254758834
0.010408420966243235 0.02778983402210835
0.010761683158043538 0.027407226026185432
0.011232663783714994 0.027156579305352573
0.012170938253250684 0.026550439064578286
0.01070796768483338 0.026039544914441933
0.009217976546900515 0.02469491726387523
0.010466300427758285 0.02422933998125832
0.010597927801390652 0.02438658695661828
0.009965795576348274 0.02718695092415973
0.010628593931641783 0.02787582198963273
0.012466758165901943 0.02696614087560019
0.011309130711675715 0.025373278929810002
0.01128405702539091 0.0253179984337711
0.011669313850287164 0.025819855876239306
0.01260435255529976 0.027068281532498163
0.01183508041412589 0.026002664126570835
0.011678733354113357 0.02576929467916271
0.011582981058205365 0.025618228642807685
0.010314472760100954 0.026749329690448766
0.010181436480779418 0.026940074250650908
0.01173735853618265 0.025855996798312946
0.010353995253768485 0.02669735715465785
0.010558101977929332 0.02728172071752415
0.010427022030534805 0.028011108750921047
0.009946931937852089 0.027315556072044483
0.011789662307095418 0.026023032420714205
0.01005177415394132 0.025943094686703746
0.010420685298072106 0.026612604505184795
0.010074684155542338 0.027115282485558685
0.010036584295244776 0.02716704353413705
0.010650084584571156 0.027685427662792354
0.010690775412335695 0.027451259366157655
0.0105403941275484 0.02766352425796952
0.010746131866415539 0.027384879047245587
0.010780515854993893 0.02736817196259773
0.010735146583241206 0.027609773652253256
0.010956396541347441 0.02715741391061855
0.010942557015004793 0.026765127987973814
0.010880813784774105 0.027091594973774193
0.010948390776826612 0.026643920644723595
0.010757360309628197 0.027396528076732055
0.011278421535349945 0.026681201498687423
0.011604663684902686 0.026458784825176204
0.011456536788475873 0.026403634714097103
0.012316851388482248 0.025523898713962136
0.011732985637767495 0.02597474905266861
0.012970626535233308 0.024536503620170666
0.013328970299449445 0.023948733093944054
0.013464544934227362 0.023885587091028476
0.014784687803226103 0.021309894026589088
0.014683811358396795 0.021478170762714605
0.014967178814736568 0.022054895035995722
0.016004889261899555 0.019787604646137297
0.014922382211354447 0.021908660028449028
0.012288486462017956 0.025333268758517977
0.013496847634688286 0.02415970372369654
0.0116522608346024 0.026960011947535542
0.012752302961761417 0.02626139661705784
0.012755478643921347 0.03031289733273463
0.01140294244511267 0.02865574573196509
0.012901383060681951 0.02665724989127092
0.013300063686554552 0.027179446653616535
0.01184102218262908 0.02517702618098889
0.013592382250484812 0.027537641352292475
0.009484765025667898 0.02870175230943397
0.009185053588272329 0.029137553232552536
0.008708843917873457 0.02983264917688378
0.011774709644846363 0.025323344703687696
0.011780107782966301 0.025310976854918725
0.011785497522573704 0.025298629616409055
0.011790878883155076 0.025286302936686742
0.011796251884136537 0.02527399676445102
