0.030723038395627164 -0.029955694698416767
0.027701599006273774 -0.029606230586447763
0.036602992013206985 -0.020506098535677298
0.03579926734152519 -0.01866702957215144
0.03651343124448094 -0.019189795729493326
0.02951281577988906 -0.029153595387178648
0.03606667908171391 -0.020448567174446413
0.03478202231047519 -0.022963886022507336
0.036406450078359784 -0.021218402802242863
0.026760326485057495 -0.026825000624285333
0.03525481794715173 -0.021011971519946483
0.029908777822146716 -0.01397893963920346
0.030342117974687974 -0.0154078827594463
0.026429929246301904 -0.008526432673657205
0.03450789920063503 -0.009035202836443192
0.03474410785286687 -0.010914205012997622
0.02973749841797031 -0.017879948058335694
0.032136640232864847 -0.0021203578329440824
0.03259645529390239 -0.000599443037124435
0.029332492707461796 0.0020928915033497785
0.03566629477624734 -0.006149057520455758
0.029280805724773398 -0.006031070125140332
0.03180841954482019 -0.01064578914871892
0.03003641401618315 -0.005480380218253643
0.029822804287544302 -0.008993128129450457
0.031012774164084874 -0.00936578365157092
0.032930771024094814 -0.012068231661421345
0.034773774496435324 -0.014986378505930683
0.033878819103707956 -0.013636673887730067
0.03371542936483191 -0.012004278396322088
0.034356433501388305 -0.01290754354121242
0.033304601444899794 -0.013984797442698227
0.03308175739882944 -0.014251100117413486
0.03699444481592022 -0.00958744350383927
0.033178538689004076 -0.014754593418143147
0.03363980931239077 -0.014463608309137213
0.03947784097445053 -0.006486201929465613
0.03490034197405868 -0.012158951614827712
0.03409438363762327 -0.013323526015417411
0.03502723007908469 -0.012624142083210015
0.03399573492940422 -0.014251807045572079
0.03406566234291782 -0.014194761706853437
0.03784116590685428 -0.009576999982858422
0.03479096643978532 -0.013660040023897554
0.03476287062221132 -0.013480099178534159
0.03492074700086334 -0.012596463035865632
0.03427417696468168 -0.01373516087849826
0.034785761920080864 -0.013438166053763542
0.03509097670556994 -0.013209248859535566
0.035378559370950816 -0.013539052160442466
0.03536106787489714 -0.013499524285455129
0.03584841754376754 -0.01303351366856394
0.03495807772683397 -0.014490808482637868
0.03544262247229914 -0.013772709606661245
0.03716644619220338 -0.011880942326954252
0.03479023229038901 -0.014743486963994025
0.03872995032247312 -0.009806437102311842
0.035904602872389675 -0.013647344097289892
0.03541368328281332 -0.014168682802305092
0.035873232476003235 -0.01361560303388416
0.03517615514226727 -0.012378446369365496
0.03516200540246355 -0.014452921763584262
0.03532486401095027 -0.013834184997809912
0.03673196679200366 -0.016116272347336213
0.03499701936473158 -0.015906038836757414
0.035664091535484596 -0.014479657201195366
0.03569946001002827 -0.014650299361149094
0.035984834763543576 -0.014468914178788499
0.036358605383031886 -0.015024949476087958
0.03755801189323746 -0.01785640123558006
0.03729075966184539 -0.016413218700775882
0.036636293972703064 -0.015500950188383808
0.03683914155499609 -0.015798269479615178
0.0369175852869762 -0.01590740679392577
0.037414498311553086 -0.016648088914061228
0.041375120991314365 -0.01072479995856939
0.03741839524011256 -0.015447750116293648
0.03735246106679831 -0.0153628902834302
0.03814009626512699 -0.016545195622642516
0.03727106083177448 -0.015253112542654542
0.0376280591084228 -0.014536058158242517
0.03551326803072676 -0.01708150990691682
0.036971627745763666 -0.015127494727442728
0.0389672072280341 -0.018104860550222673
0.03753728157841806 -0.014251963060455515
0.03705986296648364 -0.015105548438510695
0.036507644149004106 -0.015301527686446876
0.03816323553695175 -0.01307221024315657
0.03716850001207108 -0.014563475934650287
0.03708226625668116 -0.014026914201320512
0.0356859720817549 -0.016028011981483598
0.036230340120254244 -0.015269972398216546
0.035244448948416655 -0.016566694614896252
0.03480774119223502 -0.017154735535035222
0.03635035489890575 -0.014934121236819552
0.03363996356914741 -0.018707726786471254
0.036251559011948924 -0.015452932295892731
0.032702992324079576 -0.01901219485844216
0.03588886134078063 -0.015650980289023897
0.03344561115374007 -0.01869753040012551
0.035853873483047805 -0.016134684565230015
0.03594141020256343 -0.016240984302328176
0.035152565573308564 -0.017783924391673825
0.03302122356017937 -0.02029006363484733
0.03596458674337405 -0.01712593337975079
0.035410938821298546 -0.017437808671326847
0.03557177042648837 -0.017471018063411694
0.03605343923178253 -0.017337367344144147
0.037845454153040234 -0.015662814443454066
0.036187349450401696 -0.017723597405839793
0.03621172405738766 -0.017175887156376596
0.0364973896635095 -0.01757319040094671
0.03646619169519882 -0.017500682903348608
0.03639728252924193 -0.01737277547079257
0.03624169892540663 -0.01744728679338457
0.03619172581284832 -0.017271147662995992
0.03622489202201317 -0.017086717453206675
0.03668204840935268 -0.016487974553963492
0.036262506750178954 -0.016994733208311026
0.036353879271503006 -0.017107578775037238
0.036458017061622584 -0.017239624037097872
0.04505151543327645 -0.005871486730871448
0.03668428654435535 -0.016388524733444144
0.03636986717150096 -0.01652441970877305
0.0367429786552877 -0.015855353961091206
0.036141857444518276 -0.016999808610600364
0.0367536486650682 -0.016012027896842404
0.036840676355455876 -0.016133056659029622
0.03687249706337996 -0.016172236165420132
0.03638648355319291 -0.015997694792977527
0.03665739968846263 -0.016428827464002385
0.03654720998970597 -0.0167417596393135
0.03682854980058656 -0.016232225558307247
0.03701626756188332 -0.016502657646656593
0.036904148938579406 -0.016327445233622003
0.03687441206350076 -0.016504593970694044
0.03694169188317267 -0.016326903879424464
0.03581081943130782 -0.017577360088965512
0.036137189665868645 -0.017727116101044993
0.0374777772934574 -0.015683023946695497
0.0366422221290035 -0.016650057520596083
0.03701706856534671 -0.01672883241995364
0.03985528023555183 -0.013356414177088487
0.037254144420937184 -0.01651177357807172
0.03645429619211819 -0.01762396264751074
0.03728843870270405 -0.01671559640570457
0.03728184486815129 -0.016698997184071376
0.03591324510391197 -0.018549213072481283
0.03718230614575951 -0.016809517099877193
0.037175575157022994 -0.01679116771189472
0.03717003094284214 -0.016774709458875405
0.037143598394862344 -0.016727204882561842
0.037046849217742095 -0.01657497298093272
0.03772503674378394 -0.015808763630283277
0.037411328219751634 -0.016196105525261767
0.03717081838117436 -0.016493644928083254
0.03710144971919014 -0.016390067442747052
0.03699707559426125 -0.01660315847531079
0.036422619024661436 -0.016957220121041623
0.035879986829857234 -0.016467376359056957
0.036389403702691434 -0.018701575607054592
0.034766407893574484 -0.016943739927026247
0.036529880575161953 -0.01623838299641102
0.03588482049944732 -0.01707437630263338
0.03662762671514923 -0.015576332996160824
0.03791250376501138 -0.017647412223059978
0.03525690282277227 -0.018823271368324856
0.03649920509899046 -0.016678421070679805
0.036295080293664427 -0.016231189910757546
0.03613726438516002 -0.01620360821703046
0.036589508302109955 -0.01679415526232092
0.03758229095529722 -0.01795465628300194
0.034513555456135075 -0.016940074780248424
0.03453089305708851 -0.016554305329956786
0.03975867962727379 -0.014692565655619029
0.04013345759332045 -0.011319080922708079
0.04297972800817994 -0.014232416468302603
0.03755222192130149 -0.01694749121018273
0.03754720853843459 -0.017094728865394662
0.042209363595242154 -0.010989478581124373
0.038790716422044395 -0.014990279438264326
0.04075984188293559 -0.02024545600212374
0.040250511983010454 -0.014664472808200645
0.03873362126802661 -0.016695077033185336
0.03863451544840762 -0.01685859897651127
0.03874060902383443 -0.016809964242521732
0.03852189349286926 -0.01726078989389612
0.038847270940517535 -0.016877678374845467
0.03895081799506733 -0.016947054302874107
0.03892698891134614 -0.01708247947620148
0.038909347145426654 -0.01707505405432714
0.03885448760205134 -0.017107589573249
0.038824921989726584 -0.017319243989065952
0.04097326920265293 -0.01441941571006081
0.04096452411177735 -0.014205089326268265
0.03927805245283555 -0.017107150299296128
0.03901245764337802 -0.01672486764611529
0.03886737701309965 -0.0165194666699757
0.0344848292429257 -0.02211041996044687
0.0386051011354443 -0.017274353696573274
0.04067840171751381 -0.015161759720533869
0.038910964222132555 -0.016926049257776733
0.03899182057963226 -0.016881326758137166
0.038983587903636256 -0.017147435538047213
0.03858907428875307 -0.017197744973756184
0.03887920361258874 -0.016590262488263292
0.03780558094717978 -0.015437772708054017
0.038663320171636505 -0.01670575752564517
0.03726597967564275 -0.014653613193136284
0.039152842541040095 -0.017435794166531463
0.03856827829288328 -0.016913139105507895
0.03850769851132992 -0.016906289394687184
0.03879390355066648 -0.016962696780602686
0.038758951797794865 -0.01691550594269811
0.03864980656149335 -0.016758983276302323
0.03868136415092221 -0.01680974512766467
0.03869741837446422 -0.016837616123070026
0.03872573130008464 -0.016883489112421334
0.03879976903003323 -0.01699662369004918
0.03868284327830697 -0.01733132656139118
0.038930450196018304 -0.01722500437619845
0.03888820205641734 -0.01716662236600509
0.03856089246641609 -0.01795694719636296
0.037805960533703706 -0.015648594700709693
0.038702216441951695 -0.017626746075030186
0.038968678933066214 -0.017404728596031316
0.04102116531646642 -0.014880687026476758
0.0388682526329828 -0.017897760282922223
0.039111000585217964 -0.017371357731874086
0.039113937181796656 -0.017379885165340905
0.038683054458344426 -0.01674884635609811
0.03872312650106805 -0.01681214811265809
0.038529306897414836 -0.01653073519673079
0.03862050876566779 -0.016669310364006224
0.03845508934021061 -0.01642979418126051
0.0376675604750803 -0.015274211295698444
0.03839998613068094 -0.016356933248709966
0.038544095847717515 -0.01657319097955491
0.0382620779897799 -0.016162107929334958
0.038511571322321754 -0.016533343861877423
0.03842827753759017 -0.01641474962234414
0.038540252778427 -0.016583440190272573
0.03793596739109848 -0.015698504769015284
0.03864922677957076 -0.016751463351996468
0.03763438157084609 -0.015263077815629023
0.037590303534274096 -0.01520230101736485
0.03802006945253232 -0.0158379640133279
0.037954967826539 -0.015746149910828476
0.03811443945209686 -0.015984315813307802
0.03805467784912125 -0.015900291222813025
0.038735834609207584 -0.01618965569885989
0.03846026785348419 -0.01646709912091834
0.03798954403966533 -0.01577912431819153
0.038258200578529994 -0.01617767758735357
0.03827373194495419 -0.016204233169532598
0.038331169935826866 -0.016292305377140822
0.03838106363830789 -0.0163692431747498
0.03841825462057923 -0.016427477424120884
0.038472948002354415 -0.016511363579701958
0.0393092823699731 -0.015372288772807656
0.03852589188058431 -0.016478696601591816
0.04074247649970036 -0.013819575344254372
0.03862903743922254 -0.016344972899332132
0.0386035757809512 -0.01631256413606069
0.038504015369932545 -0.016171303252909303
0.03856087340260828 -0.01625973754655854
0.038543229636687555 -0.016238724934643955
0.03858296695969257 -0.016301918197927118
0.03860049682395716 -0.016332461854157525
0.03857968256890116 -0.016306688487350434
0.03837129283537548 -0.016310898559995585
0.03853448850776973 -0.01624979129849188
0.0386002436554008 -0.0163651325742666
0.038616603805967376 -0.01639374939839117
0.03858412713665703 -0.016550146940700696
0.038525831474436154 -0.016278900826395708
0.03860859707675247 -0.01640498043219592
0.03862499082052563 -0.016433483687578073
0.038588889972668884 -0.016384837049055495
0.038618451248781535 -0.01643261243655783
0.038594886058222075 -0.016402327247143855
0.03857895394480611 -0.016383228181589864
0.03857843475701006 -0.01638673222378807
0.04191524557779945 -0.0122715264549145
0.03872301359473888 -0.016183296031654873
0.03875528885842224 -0.016236315421293824
0.04082938099641555 -0.013447467604164582
0.038696199188474646 -0.015889946709752776
0.038741815663459335 -0.015963397557555197
0.03872638335160875 -0.01594720538049697
0.038718421719425695 -0.015941934518009692
0.03867132640684602 -0.01587921507739401
0.03874728250105077 -0.015996955286626185
0.03890544566521552 -0.015823936604470172
0.03870624988868929 -0.015930497682425517
0.039357337073765514 -0.016891988964657004
0.0418071992224559 -0.013157770427363503
0.04052921405676589 -0.013835685907524093
0.03917859733465772 -0.015326670429665677
0.03959492574701528 -0.015032928667126107
0.03901020515294446 -0.016836342426953553
0.03973356861293035 -0.01584595897652864
0.043093159234710854 -0.011093376677138615
0.039005398521306 -0.015303759234496395
0.0391417369929745 -0.015513320847922694
0.03913221676809945 -0.015508865249737018
0.039339268692433614 -0.015821923362679142
0.03939868587542873 -0.01591838610482463
0.03910523162594981 -0.01549745168431597
0.042705168964189834 -0.02078507140856361
0.038612554217941165 -0.0163747641675311
0.039090763631438805 -0.015977772612351865
0.03916793193794576 -0.015765025332709966
0.03762738474193928 -0.01782007887970082
0.03956315087095927 -0.016501131355742504
0.039782684521095214 -0.016830917989397433
0.03926608403161595 -0.01608150097058386
0.03926247937169834 -0.01608410291338132
0.0392663780637405 -0.016097651359321508
0.039314629862003854 -0.016176138384560713
0.03929484415119595 -0.016154876607098193
0.03905391777695823 -0.016583172358733023
0.03951947269716309 -0.01597683149055257
0.038979885381188434 -0.016642765111209337
0.03927325952120105 -0.016202029812223847
0.039308653495435934 -0.016049015204557624
0.039176489819669265 -0.01628211402722751
0.03892462380372743 -0.016368334937655882
0.03905843629283055 -0.016168294218866765
0.04048992656568642 -0.01451957632120878
0.03915932612707078 -0.015965737848211276
0.039187706400936814 -0.01601463535652425
0.03846727978843253 -0.016799795414363217
0.03908801005390586 -0.01596035372774908
0.03924392730291989 -0.01619519746423456
0.03915597613675063 -0.016073729239757695
0.038159450148609574 -0.017150484871950637
0.03835760162722251 -0.017021974818503142
0.03839117248412764 -0.016850516134481387
0.038985631500824854 -0.016584634122246807
0.03867769889055534 -0.017104425751215218
0.038276911772718636 -0.01749076881189256
0.038580666542961765 -0.01748009202738363
0.03922580636971639 -0.016727654045889603
0.0379287763167551 -0.01619672083908161
0.037960912570556664 -0.016645059243551474
0.03771982700495815 -0.016390645482789856
0.038294308748413275 -0.016343554729893572
0.03911295756057432 -0.016813445611908274
0.03834198622138198 -0.016985187387949335
0.03735274473642148 -0.015621219985026885
0.03961389055619309 -0.015894801294210805
0.038087740992271295 -0.016306741709117008
0.03918915925522281 -0.01573381417113041
0.03884291310812099 -0.01646376114105646
0.038491311932248695 -0.015954058636827986
0.03890467710963287 -0.01656246344178691
0.03896582951071702 -0.016656004777209677
0.038744185800645356 -0.01633625419486139
0.038718868702413825 -0.01630340752856055
0.038750947086045685 -0.01635439875417917
0.038740187800860026 -0.01634277828242863
0.038426747927471534 -0.01663282325873649
0.03863768956196191 -0.01623024651850218
0.0386873099938621 -0.01630671295586479
0.03871026212803202 -0.016344181801302825
0.03876137623369506 -0.016422763494770617
0.03872422579097274 -0.01637237892808164
0.038782917173164844 -0.016461969174376073
0.03886311708978161 -0.016582935974995015
0.038882658163149494 -0.016615277567492356
0.038973272462562776 -0.016751376999481083
0.04274419749512597 -0.012043635429878644
0.03840812254047189 -0.017606686043036748
0.03917311766763912 -0.016740690488517868
0.03919112379815991 -0.01677148480494188
0.03921644119870392 -0.016812920889768712
0.03920322035703926 -0.016798084836777416
0.03913781207604231 -0.016707074816138565
0.03911173184291767 -0.01667344157119299
0.039117754759723775 -0.016476265238173977
0.039143687441868476 -0.016449588539529974
0.03907674529670264 -0.01641687370960256
0.039270845753520266 -0.016470054198908367
0.03901821764335446 -0.016517219494651274
0.03998919524720205 -0.015011627275388134
0.03881437641903911 -0.016117862638134493
0.03833718139371531 -0.01677405008043881
0.038977112591148874 -0.01641507840497152
0.03880521751440936 -0.016168303052154137
0.03898388841907377 -0.01569804172099378
0.03870465837242099 -0.01600308232172236
0.03872705185300647 -0.01606438871287484
0.03861513163443824 -0.015882025952426385
0.04412880502577052 -0.008963551173060335
0.03873593030862371 -0.015508718790814767
0.0386630384556907 -0.015408101301212533
0.038298919132414136 -0.014882102239456943
0.03854509125989128 -0.015247490403803193
0.03917919428478082 -0.01617937082359001
0.03818964550260713 -0.016928215486671668
0.0386925082535989 -0.015558908864337969
0.03870279462951769 -0.015579431936765507
0.038739847534014715 -0.015639027436129667
0.03885496322788465 -0.015812619045162506
0.03826907601851345 -0.017096161766058156
0.03924724572028434 -0.016473202715193147
0.03928758104321513 -0.016537228358173575
0.039223532473379195 -0.016448734622822276
0.037981347656763864 -0.01725460931546801
0.03852654881090984 -0.01724476422895297
0.038838212147243416 -0.016905272842171738
0.03900014764686174 -0.016326325221701146
0.03819480230246573 -0.0168757745642815
0.03914008722527456 -0.015359304321828336
0.03861246860487816 -0.01604160301682951
0.03999264434534476 -0.014576789513398795
0.03791546546904918 -0.017437524744792314
0.038879977949425874 -0.01618249500664478
0.03862132977305056 -0.016505201795071107
0.03835360516882598 -0.017087107054678783
0.0390425816428553 -0.01651449103825147
0.03917866614541948 -0.01671681705157574
0.039343648421970114 -0.016961188357907702
0.039559301836208566 -0.01727931141723641
0.03974145237423355 -0.01656837872227595
0.04024460177866125 -0.016478032840231544
0.03990847104926599 -0.015303469961801
0.039038153422402286 -0.016934980150172183
0.038175764222806836 -0.017530854724929136
0.038289715742315426 -0.017080763034998277
0.03740629588839827 -0.016442525166439792
0.03821332839960993 -0.016304294444842306
0.03877460028325679 -0.016167738917644243
0.036925502327449414 -0.016994968887480054
0.0384203966945337 -0.015677848276989467
0.03644510208734126 -0.017278535581539706
0.037955412785839804 -0.015338077905245402
0.037560187320743746 -0.016786904712510042
0.03730750289492376 -0.015410467674345093
0.03750975053660698 -0.01605478881286182
0.03829425590392677 -0.015986411670707718
0.03849689415755515 -0.016284032490770605
0.04017013936455094 -0.01398544060639125
0.03793982049056602 -0.01635778366438029
0.03866184519829976 -0.016405835329020166
0.03877748210849045 -0.016576833714344638
0.03847185705927001 -0.0161354899334326
0.03861503382930034 -0.016346479381692803
0.038595845431193564 -0.01632146435301092
0.038589411227838835 -0.01631497454124551
0.03857820208391549 -0.016301534525996253
0.03855354539010651 -0.016268544324251653
0.03863651069958844 -0.01639191315135328
0.038633505156664937 -0.016390352211031682
0.040103597468996326 -0.014709838586741384
0.038763336861692074 -0.016457161293271128
0.03879862227139721 -0.0165114117014875
0.03879540681126401 -0.016509765833036687
0.03875965247638426 -0.01646088614382931
0.038758379508154604 -0.016462036439340376
0.038766947094097774 -0.016570458708627958
0.03870747750601129 -0.01639709990856067
0.03864209156188314 -0.016305153400563332
0.03872696992578948 -0.01643129239936849
0.03816180307836561 -0.01699466234747138
0.038269324845740624 -0.0167786706480227
0.03840447752736988 -0.016825226473799595
0.03786745334050886 -0.017203318942779895
0.037891896457370726 -0.01617195723356164
0.037795063512938175 -0.015427799680551859
0.03799251198246386 -0.016232500811857644
0.03821233595003037 -0.0166767717708217
0.03796404709838399 -0.015998945638513794
0.03829580069852602 -0.016737356014743597
0.03858265012278906 -0.01695342511037006
0.03770132003055031 -0.01683264264445719
0.038036965447644316 -0.017310468747518123
0.037620045063173034 -0.015497788635238716
0.03841357741279363 -0.01665170698127019
0.03727856129302148 -0.015156447446761716
0.038134467558020996 -0.01654883415122308
0.03827788588698516 -0.01589577792732052
0.038171022728050834 -0.016926654911961016
0.037819663249921504 -0.01716419488091735
0.03831300862502677 -0.016224028804362904
0.03850099835688166 -0.016615579990235777
0.03764033225079708 -0.01504786791843601
0.03755390708951393 -0.014988163921847358
0.03753000887877394 -0.015395968629555785
0.036492718761408915 -0.014357106805876683
0.038140765935274865 -0.014876045519105338
0.038875969700174574 -0.013310255755669603
0.03775107493628208 -0.015916298662466938
0.037739919846426634 -0.015970332263130656
0.03748156324770522 -0.015921305220016724
0.03746835056099984 -0.015810910249027855
0.03790273898671276 -0.01665724973952142
0.03861133280991773 -0.017409124235804593
0.037820143775694405 -0.01565115030915577
0.03784549627756809 -0.01626313940456219
0.03801456824685392 -0.016253535418534568
0.037796020768042164 -0.016517936245370318
0.03769421488840113 -0.016440764565675312
0.039630946913761074 -0.018962147986080695
0.03827130794718248 -0.017047163525767073
0.038282573230373214 -0.01644955847607771
0.037832290943308346 -0.01690328525750252
0.03793513571609087 -0.016784065401311492
0.037820434445233 -0.016862434395804735
0.038730090271956556 -0.01637729789678763
0.03825555708964887 -0.016480401891180916
0.037994229395871756 -0.017929769180791248
0.038445228705621344 -0.016812786163201112
0.0381640697840934 -0.016668641027936665
0.03815867306447949 -0.01640618105822259
0.039447670841969276 -0.015024133599726578
0.03824515510895916 -0.01643616282282297
0.03906937518725368 -0.01763528031868511
0.0383680752923942 -0.016332154116530783
0.03816156220113992 -0.016655002280462076
0.03859343418165807 -0.016079771975335475
0.038292165495294926 -0.016486912697323223
0.038264281577020436 -0.01644769543418314
0.03828122538806622 -0.016473627373605644
0.038276666100418785 -0.016468302021723148
0.03824392692213077 -0.016422022187477167
0.038324231494899434 -0.016575591665492564
0.03832045486644069 -0.016536833522018065
0.03845115250141765 -0.016178067886883127
0.038616810974199556 -0.015789717032207433
0.039917462607533094 -0.014203685402293212
0.0382571432206926 -0.016264117839992168
0.03826631333808612 -0.016279038039439662
0.038242092898655246 -0.016245502087193452
0.03830039721281559 -0.016331698447066133
0.038724637936571514 -0.015755148914026764
0.038286345764827034 -0.016288652695062224
0.038305000342052614 -0.016308970881475187
0.03810840312140196 -0.01602533023453031
0.03831298125057226 -0.016323823435532993
0.0383279655964857 -0.01634719136288455
0.038243687317927225 -0.01622653239977691
0.03814038343754349 -0.016078279445645913
0.03821786899807609 -0.01619230929239276
0.038183715614188964 -0.016144373803463084
0.038226333499840705 -0.016207799532031244
0.0381616997160927 -0.016115644750989536
0.038030675806953546 -0.01625920020749261
0.03818460161417151 -0.01616147940242874
0.038237177459866045 -0.016239286495127295
0.038196028853465375 -0.016181172199755307
0.03820802683870179 -0.01620012116138279
0.03899571072511739 -0.015296716264575853
0.038014138601189774 -0.01606522114560387
0.038225998537213896 -0.01617852034770969
0.03914651893890569 -0.015046621116224755
0.03926750966832383 -0.01476826977543909
0.03825279632606507 -0.01622834613822157
0.038276005868409506 -0.016112077813583127
0.0385037584770925 -0.01584394268559181
0.03835103415323075 -0.01620776366439794
0.03837225669038845 -0.016424091697913715
0.03826251186417613 -0.016361897648347855
0.03964597220905458 -0.014683582456648355
0.038372847878146335 -0.016248132909710108
0.03819837119574297 -0.01627585215860896
0.0407015007867751 -0.013148417322168642
0.0384476162348552 -0.016110818061775504
0.038418511787592216 -0.016070939386124087
0.038344302226645664 -0.016226369654237315
0.038766483784438414 -0.015735460206226144
0.03843394185881253 -0.016083862392411035
0.03905290635971229 -0.015343853932957832
0.0381675855382414 -0.016487970076368527
0.03836975257450015 -0.015975492506859867
0.03831028524103614 -0.015891585875465557
0.03838059615489586 -0.015995765220154383
0.038345025261404986 -0.015946480772844458
0.038256287235193476 -0.015820146596311133
0.038385911833922676 -0.01601024188486023
0.03831046313709825 -0.015903156506098717
0.03760925044206822 -0.016923876663089504
0.03814729431230597 -0.016229461998716256
0.038305808418063705 -0.015971119884599965
0.038357556459381596 -0.016048222963594552
0.03812526653399407 -0.01637381699944839
0.03825951039861407 -0.016569980392149047
0.03854666835069473 -0.01589902330036234
0.03840271966879536 -0.01606870642904832
0.03881292247504084 -0.015597839440660484
0.039468079787936323 -0.016028262234133995
0.039384331914539016 -0.01740528481494208
0.03986073589391899 -0.017487570272902327
0.038528470842578315 -0.016239913824677238
0.038560875378862804 -0.016288964449712895
0.03862933280600607 -0.016390195752638528
0.03782790410978951 -0.017277246199100135
0.03697938470408734 -0.015656818425839433
0.03773324407314963 -0.0174839373589225
0.03894314779100236 -0.016459607815397057
0.03815038257993398 -0.01610034840309502
0.03761997392516399 -0.016295006602911173
0.03775988266879504 -0.016253173617037098
0.03727212386367657 -0.01654851047745334
0.038229349287595346 -0.015234018224389061
0.03680201311614807 -0.016131115253894837
0.038163476476969535 -0.018500675487318638
0.037234432886048247 -0.017785149720537855
0.03734728840323817 -0.017502393016617056
0.037210164562271546 -0.017822974112253278
0.03705122698110102 -0.01718004673139494
0.03733637633495765 -0.016012326974143162
0.03809626312667763 -0.016391710498496647
0.03759050439603711 -0.015911265239704084
0.035952391193606006 -0.016760507935581842
0.03790109515493101 -0.01612635175797578
0.03747451573584627 -0.01550823149760047
0.037870623965920745 -0.016083728493351802
0.03797108899967117 -0.016230274332764607
0.03840530424384212 -0.01686101445544101
0.038951354422451304 -0.017654000049763845
0.03795253529581885 -0.01620569841604354
0.0379963025605695 -0.01626996085115712
0.037187141022777065 -0.017502390946157475
0.0369278171687894 -0.01769313621161375
0.03813951847592776 -0.016239893931069563
0.03743432557582022 -0.017176995369123437
0.03777030201460544 -0.017001787719421586
0.03810766116575206 -0.016347305575906964
0.038215269032112364 -0.01660458798057167
0.03738496217548129 -0.01815244267835663
0.03847268589739674 -0.017336235279864682
0.03832172407336653 -0.016563775917460565
0.03913819731584939 -0.016485205832520104
0.03850025769120827 -0.01638377570887702
0.03646778198104395 -0.016087429571610967
0.037922419165056294 -0.01852657771524869
0.038545617211558525 -0.01838463169281889
0.03644982235116355 -0.01433284384687054
0.0369383540125493 -0.015041409164534062
0.03699473088387751 -0.015123465879877772
0.03688794457366251 -0.014968994246239794
0.03676878839543977 -0.01479660694612091
0.036833466858832285 -0.01489069116005357
0.03680749633275262 -0.014853381512471949
0.036781599823379224 -0.014816181356535073
0.03599224285590719 -0.01574339906806607
0.036263236973254266 -0.015990904905826133
0.03777823823355929 -0.015547050272170475
0.037156611605931485 -0.015364320333694415
0.037508949550178736 -0.015946835464835836
0.03685288522423745 -0.016306943316601576
0.03737492753786921 -0.015785092627171766
0.037923474753167916 -0.01658010942318618
0.0372404209640635 -0.015590447641897749
0.037773664122255225 -0.01636321548406702
0.037786480073921984 -0.01638188522244929
0.03668473310299517 -0.014644372366521032
0.037917096463538545 -0.016568357260936962
0.038736585141225445 -0.01665997348677791
0.03827588108681916 -0.01661747621307216
0.038353504420053884 -0.016551259157543068
0.03830623571169127 -0.01708075278071576
0.03795623932224721 -0.016509121541301627
0.03801780826577045 -0.016661329514157944
0.03782757379342788 -0.016385602577622754
0.03782199437279536 -0.016377691969332142
0.0374921302663556 -0.0167112340666583
0.03775707938320781 -0.016303372112277843
0.037739581013700556 -0.016278147191962203
0.03860784432872525 -0.015235373273301595
0.03746644146853659 -0.016831568969880705
0.03888447541967705 -0.015004087628744923
0.03752701992159809 -0.016751027260644754
0.037868031659652614 -0.016384348490539512
0.037676872490594794 -0.01610756380900225
0.03769603769819419 -0.01633811804123991
0.038300356643994754 -0.018256981795648143
0.037780523416837984 -0.016292224376119123
0.03721757781516999 -0.016574803509857038
0.03688578430036294 -0.01733119567135426
0.03764733533678042 -0.016179961506545926
0.037728197827068 -0.016297365056222913
0.03849464547766448 -0.01740930667883988
0.03748769899370323 -0.015948725563139893
0.037787030936246954 -0.01638299513389211
0.03745356602663024 -0.01685680243537552
0.03752254599291291 -0.016825564978425446
0.037549234907690444 -0.017164353699072345
0.03739494746987323 -0.015918579148341546
0.03841644073740558 -0.017515021040393312
0.03810078840935305 -0.016353921244257854
0.039211260201468624 -0.016894462676881147
0.037506251403702416 -0.017426970195729276
0.03808091161204952 -0.01632514953591011
0.038108648497427094 -0.015544986650769076
0.03761975046499729 -0.01728330454448821
0.03899185923167295 -0.018140145363280635
0.03757832680391933 -0.017148344085470234
0.03848516847329093 -0.016391823119724938
0.03747949678817216 -0.01748477813668357
0.038372635535018594 -0.016416698538227775
0.037737127376320546 -0.017257012563808266
0.03816552663154142 -0.016829918275932835
0.03721553129352212 -0.01803875912068693
0.0381318270560801 -0.01700406244427831
0.040129504326383916 -0.014632023794953758
0.038661693481684856 -0.016739909906692437
0.04102774257733145 -0.014015731312699417
0.03898721297343981 -0.01678542090021056
0.03907407656346649 -0.016784091363154133
0.03912424684002563 -0.016709815401591385
0.040005367619022396 -0.015452447322591507
0.03802552900546826 -0.01572288973867572
0.03850530410936357 -0.015797070429616988
0.03821801365709924 -0.015686052196450914
0.038737064265727525 -0.01645677891081778
0.03786497985653443 -0.0156905235305599
0.0378357603406901 -0.01640700400859007
0.03768653365976316 -0.01580069309141521
0.037518046442082384 -0.015557090027119849
0.03679861223122341 -0.014514701109007646
0.037228136616086746 -0.015138188770189971
0.037198610720945276 -0.015096113351692385
0.03719918839985611 -0.015097681750342056
0.037247967263276345 -0.015169125268610861
0.03542200519570322 -0.01582966117589717
0.0363898335385853 -0.01400018569087596
0.03613337901811816 -0.01715073667277859
0.03506646012762316 -0.015654521798465992
0.0370292726095351 -0.01609642126759469
0.035766347888069414 -0.015361639209316364
0.03547800092464794 -0.015078153446676935
0.03662933524931161 -0.01579634939773811
0.03675458466929324 -0.014705664712510442
0.036798427664166966 -0.01572298730130678
0.036336799124994275 -0.014918899271956694
0.03675319774325458 -0.01298393748714579
0.03642410959041731 -0.014657657051362405
0.037164551899046855 -0.013658902963784381
0.03726468527388114 -0.013471577381917569
0.037028570961077874 -0.01325661358170103
0.03673981374933411 -0.014006798107442969
0.037416616293829426 -0.013618728270860388
0.0369853120869341 -0.014248905190962457
0.036092929050809124 -0.013602041422896114
0.036144596645042625 -0.014062639382624871
0.03627596934986855 -0.014192579321877952
0.036238856127132374 -0.014275936250379352
0.03663870079309319 -0.014481669255212087
0.040412245288762326 -0.016933899682788304
0.036724240803748705 -0.013913748861762137
0.037400592894030305 -0.015508727047732717
0.03778236176227335 -0.0160630279917043
0.037726207940404634 -0.01598208501271423
0.03883217891257767 -0.011426316090694926
0.036439682891177626 -0.01398090561296046
0.035574537771040325 -0.012248386825711832
0.03890177656394378 -0.019550938920620157
0.03928282595488539 -0.012348221438006911
0.03801136248655682 -0.01616467174689527
0.04094085674523913 -0.02128609047897011
0.03624459662610525 -0.013628519573791313
0.039567130840529506 -0.0184387197941682
0.043765597984632684 -0.017302938075115664
0.037212514981038815 -0.012205949024122718
0.03609561849388881 -0.014796922417125215
0.03439289583597514 -0.010781614187653422
0.039034212568937264 -0.01692484028492698
0.03671996653569146 -0.01383041375911101
0.036657220155540786 -0.013852464306111116
0.03656872077528087 -0.013907415873691358
0.03677485122594955 -0.013587827620190607
0.03871125001070609 -0.01106715321379234
0.03655550585774877 -0.013752313876402324
0.03653406434851594 -0.013722554819795849
0.03651267411347912 -0.013692868711775406
0.0364913349693087 -0.013663255284492002
0.03647004673354625 -0.013633714271406945
0.03644880922459925 -0.013604245407282544
0.036427622261735675 -0.013574848428174014
0.036406485665079404 -0.013545523071423628
0.03625715221048779 -0.013679570333022494
0.03636168811901025 -0.013490492457630645
0.036340708211076975 -0.013461372337790588
0.036319777933099935 -0.013432322831452657
0.036298897109533934 -0.013403343682130357
0.03627806556565815 -0.01337443463457752
0.036257283127572884 -0.013345595434781091
0.0362365496221934 -0.013316825829952944
0.03621586487724587 -0.013288125568523901
0.03619522872126255 -0.013259494400135094
0.0361746409835769 -0.013230932075630983
0.03615410149431893 -0.013202438347052946
0.036133610084410725 -0.013174012967630851
0.03611316658556186 -0.013145655691777414
0.0360927708302647 -0.013117366275079447
0.03607242265178981 -0.013089144474291993
0.036052121884181554 -0.013060990047331236
0.03603186836225386 -0.013032902753266972
0.03601166192158524 -0.013004882352316956
0.03599150239851493 -0.01297692860583805
0.035971389630138045 -0.012949041276322454
0.03595132345430139 -0.012921220127387629
0.03593130370959949 -0.012893464923772083
0.03591133023536969 -0.012865775431327742
0.03589140287168844 -0.012838151417013178
0.03587152145936632 -0.012810592648887868
0.035851685839945316 -0.012783098896104865
0.03583189585569267 -0.012755669928905502
0.03581215134959804 -0.012728305518611179
0.035792452165369255 -0.012701005437618724
0.035772798147427856 -0.01267376945939363
0.0357531891409054 -0.012646597358462968
0.035733624991638936 -0.012619488910410518
0.03571410554616746 -0.01259244389186923
0.035694630651727954 -0.012565462080515911
0.03567520015625088 -0.012538543255065364
0.03565581390835703 -0.012511687195263724
0.03563647175735285 -0.012484893681882272
0.03561717355322727 -0.012458162496712664
0.03559791914664725 -0.012431493422559737
0.035578708388954466 -0.012404886243235963
0.035559541132161046 -0.012378340743556471
0.03554041722894629 -0.012351856709331517
0.03552133653265242 -0.01232543392736293
0.035502298897281404 -0.01229907218543648
0.03548330417749072 -0.012272771272316999
0.03546435222859005 -0.012246530977742955
0.03544544290653764 -0.012220351092420133
0.03542657606793623 -0.012194231408017437
0.03540775157003004 -0.012168171717159679
0.035388969270701 -0.012142171813422711
0.03537022902846478 -0.012116231491329106
0.03535153070246808 -0.012090350546340618
0.03533287415248457 -0.012064528774855095
0.03531425923891119 -0.012038765974199369
0.03529568582276551 -0.01201306194262451
0.03527715376568151 -0.01198741647930106
0.035258662929906544 -0.011961829384313487
0.035240213178297695 -0.01193630045865421
0.035221804374319036 -0.011910829504220271
0.035203436382037434 -0.011885416323806137
0.03378547883233922 -0.009839754982679517
0.03513941112022331 -0.0117951929911557
0.035121193095640615 -0.011769994046806884
0.03510301528697124 -0.011744852007501019
0.03393707873071695 -0.010063142264244884
0.03378305245200202 -0.009841999283144158
0.03168703153920658 -0.006818839902366118
0.034919302523133154 -0.011484065727388505
0.034901441776426546 -0.011459380299105771
0.03488362020921769 -0.01143475025396932
0.03165713013373145 -0.015530632370554596
0.034785635783000216 -0.01146588516194002
0.03476800752553855 -0.011441330096129182
0.031482086371033835 -0.015615105438013524
0.03147344963069727 -0.01557964105782277
0.029169762266043273 -0.012091732940268966
0.031593141476195956 -0.01520890692559655
0.031851276481101705 -0.014831098021411302
0.03161426558244295 -0.015089564154313015
0.032801656762066825 -0.013517601617815407
0.031095405545391686 -0.007149971009952833
0.03213356027929972 -0.01412170059457295
0.034083488268219664 -0.01156854519428117
0.034066885921202265 -0.01154416028679716
0.0340503192531517 -0.011519829216152817
0.034033788149412575 -0.011495551804282146
0.034017292495818155 -0.011471327873903996
0.034000832178689856 -0.011447157248516963
0.03398440708483292 -0.01142303975239496
0.03396801710153466 -0.01139897521058445
0.03395166211656173 -0.01137496344889812
0.03393534201815771 -0.01135100429391135
0.03391905669504002 -0.011327097572959651
0.035153472570635245 -0.013109071970510469
0.03435520938951321 -0.011956020468457463
0.036980751917737587 -0.01413148416703935
0.03368818195116827 -0.01096316269508267
0.031114634155680353 -0.014920519342205549
0.03385464492216745 -0.011347419964375348
0.033838568182500875 -0.011323702784876136
0.0338225254056805 -0.011300037050959385
0.03380651648440856 -0.011276422595444806
0.033790541311838534 -0.011252859251875332
0.03377459978157122 -0.011229346854514361
0.03375869178765377 -0.011205885238339763
0.033742817224576976 -0.011182474239042105
0.03374263996228677 -0.011181713449298603
0.033711459511626934 -0.011136224055780556
0.03550103830043403 -0.01371788517991039
0.03593461999384068 -0.014343013261410176
0.03662572031340556 -0.01533980456219617
0.03573164975720429 -0.01404896152932168
0.03360547002191023 -0.010980832101162253
0.03378069729621831 -0.01123310934665803
0.03630368413589185 -0.014872679888310342
0.035414344354974224 -0.013588869550977541
0.03602068093478404 -0.014463155731314879
0.03383713918973004 -0.011312538796553539
0.03382140887458581 -0.011289355011302876
0.034276308732630066 -0.011944999815228317
0.03453954584795812 -0.012324188936480207
0.033796735758869344 -0.011252293781757133
0.0345456643808109 -0.012331982464373791
0.03377959307173615 -0.011226593984475744
0.03376401439747382 -0.011203641058909036
0.033748467776149656 -0.011180736586350376
0.03373295310912764 -0.011157880413560986
0.03417526469415483 -0.011795246879521994
0.03371040691465087 -0.011124407323375454
0.03512842829527874 -0.013168860721884102
0.03370597545609497 -0.011117061784892359
0.03558874399239849 -0.013831687539383788
0.03580608525125449 -0.014144610222202009
0.03677468054098335 -0.01554111958097003
0.03613310861189901 -0.014615167754058037
0.03652638251116121 -0.015181828175312363
0.03603901358475128 -0.014478353929663044
0.03646739804204651 -0.015095623331654812
0.03461505610520187 -0.01242393995653778
0.0343629238514079 -0.012059924062105935
0.03444316738175444 -0.012175123730613876
0.03465330683665273 -0.01247759440856926
0.0348448558159213 -0.012753258220263873
0.034506526987809365 -0.012984570958440187
0.03470108577109269 -0.012558050639851649
0.034718817220974925 -0.012583102053322626
0.03474590115924971 -0.012621635278713628
0.03491600837925404 -0.012866337484497012
0.034852010423847495 -0.012773572198500192
0.034868153621704916 -0.012796331814890117
0.03493512993769732 -0.012892363590717852
0.03654236588723867 -0.011056038427614304
0.0399156027512956 -0.009623277800868406
0.03493450020255142 -0.012624821785743666
0.03637155776164308 -0.010942744205175105
0.03922568485168089 -0.008045709714710532
0.03947882414528223 -0.010012462663023334
0.038033391980333786 -0.008134276467266138
0.038242815989459576 -0.01297691129360545
0.03811310795014674 -0.00865607312970208
0.03658941714893362 -0.010494284315765531
0.037397843828515666 -0.01206200420746294
0.03604258227138538 -0.013306919226660106
0.036909594149254904 -0.009554488420110788
0.03514492823417309 -0.011930755446348203
0.03548181260986468 -0.012415334982025796
0.03446526778593042 -0.010956579501901908
0.037160919921022696 -0.01482832651418858
0.03289249885391647 -0.015209946798809689
0.03507257048344509 -0.011945376107119304
0.035256591697518484 -0.012210373486857449
0.03517871310936733 -0.012099232319834273
0.036647310884139646 -0.014209248035368176
0.03507274041634125 -0.01194845563033341
0.03490911147452079 -0.011714184556505669
0.035171150335410094 -0.012091184098297212
0.03516261321220489 -0.012079624226543977
0.03506308856242337 -0.011937407478624132
0.03504141524409065 -0.011906985399488904
0.03505808891432323 -0.011931625863454174
0.035054446351596935 -0.011927092212597547
0.034743151553335704 -0.012415088003017195
0.03541555302568802 -0.011202122242556055
0.0372592475383443 -0.009794838844482744
0.03517416626756841 -0.012002527712290208
0.0349766167749482 -0.01244381305729006
0.03513100608286322 -0.011954709343171353
0.035388062113568215 -0.012324458707144012
0.0353252516977517 -0.01252761519332598
0.03531833043998994 -0.012298569860695711
0.035417274898068216 -0.01237492510921621
0.03507282527005609 -0.01188120198165584
0.035201333986541475 -0.012066439407478735
0.035301462729826684 -0.012210932029986602
0.0352628153720788 -0.012156206925710898
0.03544015614640977 -0.012411528112112692
0.035331698023640584 -0.012256586903884675
0.03558838850711938 -0.012625800904432645
0.03542630772038364 -0.012393883752690227
0.0354839773015771 -0.012477404590485115
0.03552919713453575 -0.012543051442307615
0.035476555684996344 -0.012468228351025144
0.03566161204441123 -0.01273458481728455
0.0376670000269616 -0.009939254927156017
0.03589574915259184 -0.012975283526676066
0.03681849454580826 -0.01430084986087652
0.03586567340673555 -0.012933747829712152
0.03588340942801361 -0.012960025719977683
0.03602727748143108 -0.013167363579426954
0.035909081862624044 -0.012998507073905407
0.0359374250978031 -0.013040003795815375
0.03570158958774791 -0.01270229604868544
0.035725623161022214 -0.012737606088663457
0.03571554158506792 -0.012723947006569333
0.03547373038787564 -0.012377691489393442
0.03542423729398151 -0.012307472179710115
0.03550716602499197 -0.012427305084358778
0.036453939720446346 -0.011561569425611772
0.03551686383599206 -0.012405260233131652
0.035262773098039775 -0.01204141439580174
0.03548130400822143 -0.012355909475616614
0.0355748445946702 -0.012491006140469798
0.035678134775875295 -0.012640091592491954
0.035585646990866124 -0.012508184300543942
0.03529570518565031 -0.012092904395885616
0.0353737139006394 -0.012205695917579251
0.035419869277878276 -0.01227277002501067
0.035429351648736854 -0.012287211466902006
0.035449913343823705 -0.012317550403061801
0.03545791000279751 -0.012329855333725463
0.03559834825500148 -0.012532217144792942
0.03563877165500975 -0.012591048571385403
0.03556473168122104 -0.012485620656406541
0.03548420336525481 -0.012370885269432004
0.035458936529583325 -0.012335449402677383
0.03544430715855189 -0.012315276948112635
0.03556641796216055 -0.012491310668524507
0.03550898230647049 -0.01240971122855876
0.0367424884930519 -0.014180573452060417
0.03561849634214457 -0.01256847041705751
0.035428604956246994 -0.01229682158055722
0.03568081351382916 -0.012659496648615055
0.03564460420320125 -0.012608346981951086
0.03580631313939492 -0.012841164603779008
0.03754966924389685 -0.015343591393310515
0.03682659692858588 -0.014306710843636012
0.03574177793465115 -0.012750960670775937
0.035940948854683914 -0.013037505488967979
0.03659963839329252 -0.011316235301237465
0.03629091000941525 -0.013496849078068142
0.035805807365816664 -0.012801824016805375
0.0364748140683265 -0.013762292183154478
0.03474719030106993 -0.011285188238773104
0.03473258343419511 -0.01126509029493916
0.03636336452469797 -0.013604858822875269
0.036492624808087105 -0.013791078886465273
0.034488315608891505 -0.010917351106249607
0.03624903991767053 -0.013443305244574153
0.03976027947302422 -0.01848158743636025
0.03480648403305481 -0.011376125960362844
0.03479192268577822 -0.011356082606295349
0.034918322295413876 -0.011154534836791755
0.03445650254039221 -0.01087061701038076
0.03455396023015568 -0.011533019928149589
0.03472808838090044 -0.011270166764085748
0.0347136593675498 -0.011250314960571288
0.03469925624669218 -0.011230499334397364
0.03422331288989967 -0.01180557187807226
0.033911015044081325 -0.012169873434461832
0.03378182226431254 -0.012298295126441972
0.034608509388684094 -0.011194642718284582
0.03503750214772715 -0.011810274021905112
0.035488090936783775 -0.010392125410162533
0.0348082832521193 -0.012757992365232224
0.03640589271033208 -0.013760817729699374
0.035341650528140915 -0.012236312580469236
0.03536459965823761 -0.01016316070778698
0.03520725564566964 -0.012010832843666736
0.035616576742303806 -0.012597994700038128
0.03499166105069364 -0.013493623914768785
0.035567634568247256 -0.01255795943034944
0.0358401832016316 -0.012754935355948646
0.03579866957745071 -0.012653358946636646
0.035699488027161976 -0.012742167455107676
0.03485447962374638 -0.0135748769949196
0.03538488637112429 -0.012325418583724062
0.03563032222219248 -0.012677745543937897
0.03631028044403347 -0.011312401209942253
0.035607024290945644 -0.01260797224035225
0.03489685672353411 -0.013331507695767714
0.03686013311257513 -0.011285179733814142
0.035615395669969824 -0.01259907696528167
0.03545409390719533 -0.012706274561887223
0.03558181322681819 -0.012557829278268982
0.03571600225972808 -0.012456134112204278
0.03585227540664447 -0.01266087852826808
0.0360596735089781 -0.011845427223498585
0.035844485376606706 -0.012343912480519161
0.03513353320894771 -0.01332988211870687
0.035262088205566984 -0.0130478905518783
0.03503757780422575 -0.013489662345286516
0.03533668604950095 -0.010300372200071503
0.03772250166368076 -0.009576563022802584
0.0351002179092284 -0.012982174158153097
0.035948374207234145 -0.012046949539734437
0.036815997509977993 -0.01121424144630093
0.034593548489581384 -0.013555907175112167
0.035621576193212004 -0.012518280099754003
0.035669268452140225 -0.012587305969227872
0.034971609635417934 -0.011590216802377875
0.03668245241368092 -0.011175432942544108
0.03587383038753863 -0.012836951030252303
0.03563926508417875 -0.012874975058160277
0.03539865318032656 -0.013117909286909783
0.03563431532182764 -0.012517512720107142
0.035052713047038296 -0.012385452929799283
0.035583538058962104 -0.012903779934093307
0.03585607405211453 -0.012511240369890748
0.03565398719784215 -0.012566473687734373
0.03520833356035807 -0.012850497677965582
0.03411665052342613 -0.011751608378966029
0.03512602304346541 -0.012632823743376589
0.03523435522535153 -0.012633434206365465
0.03481358137814008 -0.011762755784216839
0.03422701872048813 -0.011339130654191553
0.033980945227959254 -0.011383109693345321
0.03311051921778573 -0.010585827740657824
0.03364018003533491 -0.012088846184946303
0.03400233247808242 -0.011773110342901964
0.03390260888340441 -0.0118659844401155
0.03386840710928723 -0.011874322380842725
0.03375962022297369 -0.011979049348406602
0.0338630627512627 -0.011809748106418567
0.034410089694377095 -0.011067494380146791
0.03414648936596736 -0.011372376689980037
0.03417856989745747 -0.011295368934614523
0.03575177914174469 -0.008575733651151095
0.03437192466349802 -0.010964775105515185
0.03368471392555132 -0.011817439930846302
0.03433528145339522 -0.010941379432898777
0.03432212660816828 -0.010923094716153232
0.034308993825387546 -0.010904841163316715
0.034295883049659845 -0.010886618694797241
0.03428279422577788 -0.010868427231273048
0.0346604131972529 -0.011410225352094848
0.034697471722714694 -0.011463899911965955
0.03545731002231725 -0.011062825924592986
0.03501621627179706 -0.013176431846450912
0.035912566689493025 -0.013204187863804243
0.035897960208943855 -0.011624728798756775
0.03549239392775486 -0.012579029765497412
0.034490069382481635 -0.011143061493942083
0.035368492120189436 -0.012402565089009636
0.03542602958998768 -0.012485590905096815
0.03519104134731457 -0.012149363871128804
0.03464058468780587 -0.011361065298578745
0.03379652277116468 -0.01015214474685889
0.035091463994382247 -0.012008342578618858
0.0333964478212458 -0.009580099162014149
0.033718741736812025 -0.011204669025279678
0.03525701603441726 -0.012264977786817137
0.03421644938828198 -0.010774100933383197
0.035523537380570555 -0.011452269173747774
0.03495387994969828 -0.011814136222915854
0.035091279440006166 -0.012011603971297025
0.035131731793773255 -0.012070131583696896
0.0356079833260296 -0.012753223212694237
0.03513721784961269 -0.012079098611247433
0.035267681869612696 -0.012266614199281059
0.035360494242921044 -0.012400169019220017
0.03634176573992041 -0.013807042154960949
0.03535680037287214 -0.012395964035658767
0.034994586177029406 -0.01187745709136988
0.03521762991752908 -0.012197618318142719
0.03510455289363217 -0.012036128271908548
0.03558030772595829 -0.012718414629517553
0.03445913380384527 -0.011112438171526368
0.03515007418413877 -0.012102986920142543
0.03508837003350646 -0.012015114388123594
0.03523661065396377 -0.012228063098541762
0.034890911104398105 -0.011733277010367159
0.03504591473454652 -0.011955905991066745
0.03424623939629982 -0.010810755778662789
0.03456838105261082 -0.011272818065087203
0.034651284084592886 -0.011392135503741114
0.03411341529430218 -0.010622137351193025
0.03420555335580375 -0.010754680255097642
0.03598182373189274 -0.013300076538185848
0.03535467738472937 -0.0124020243764506
0.0348245596384279 -0.011643077507589604
0.03640138535087697 -0.013902796235498179
0.0342279487477146 -0.01078950348449451
0.03605983842999194 -0.013414427728702554
0.036091842820920476 -0.013460793440824716
0.03545627600630296 -0.012550726254805935
0.035665239427872385 -0.012850614758225324
0.03606467655157865 -0.013423395921027894
0.03531979387707147 -0.012356763777703582
0.03514024095275952 -0.01210007153978107
0.036160454952347314 -0.013562133476164499
0.035567707468278864 -0.01271346152919802
0.03539836140449888 -0.0124713840886942
0.03575729677029559 -0.012986077840819642
0.03545459057578934 -0.012552958838773698
0.03549734582087372 -0.012614715720621563
0.0353600700035342 -0.012418588587728895
0.035282023720304034 -0.012307308149250726
0.035258968828537886 -0.012274797798701702
0.0352353747132077 -0.012241515175947005
0.035177040695106576 -0.01215847449874746
0.034870937618474894 -0.01172056930345827
0.03493693543794816 -0.011815608500037255
0.03522956870225396 -0.012235240673435352
0.03500579929913547 -0.01191526238606129
0.03520399610061563 -0.012199630728338661
0.03499969473141846 -0.011907541628528851
