0.01675999783274321 -0.0769484573079983
0.046383878646033744 -0.03946974348860379
0.040427064185812184 -0.02936715300088841
0.04666453134586709 -0.03738947834221729
0.033448261099081486 -0.034531618001023244
0.04507464529009313 -0.035893530266233764
0.04834490021826886 -0.03979638761060457
0.047018425512002845 -0.03724663488090227
0.04508498978675917 -0.03392865475109388
0.05059836514673016 -0.04131046682462626
0.04915185726458466 -0.038821554347758365
0.04589901001331832 -0.03381235566016988
0.04633293501975674 -0.03409963199244003
0.04399093692752275 -0.03047111516711832
0.04393594751451586 -0.03012805967405299
0.043818454466255145 -0.029721566189308005
0.0434846450790784 -0.029029616567053412
0.043771959885522724 -0.029239511132547004
0.0435492007618474 -0.02874121873002152
0.0431993069251345 -0.028077143011103457
0.043406743063217956 -0.02821755807600507
0.04282744491819672 -0.027252471532302515
0.043162283966145035 -0.027595390527170846
0.042831967652408834 -0.02700340001028024
0.043661800322154935 -0.02806597268020585
0.04284806297307887 -0.02680384496539476
0.04299158041497534 -0.02690669041052888
0.04250159137027099 -0.02611713035981596
0.042050251093589654 -0.025388179243058813
0.04242062808392615 -0.02582951878886445
0.04294743756084185 -0.026497246584610355
0.04217301698983896 -0.025324474229328108
0.0423104324144307 -0.02544835775671945
0.042447269597173265 -0.02557503904217587
0.04277821088528615 -0.025980161517438045
0.042357284437414364 -0.02532284754753543
0.04255562351044566 -0.025546028719000868
0.04267399948338044 -0.025658574784277008
0.04268609598431023 -0.025623034595448433
0.043905418337636545 -0.027300350249451554
0.041740298430779116 -0.027882939484749118
0.04170200256596788 -0.029621153522132647
0.042832693941145764 -0.02668238588509753
0.03980755713239945 -0.030699479307238
0.0414056635409218 -0.032566456196998925
0.040009342157504034 -0.03129885153130537
0.0414943481384598 -0.032183795083021424
0.03741488620029094 -0.03435699449876241
0.043352269321116944 -0.03635960911117723
0.041635690427456365 -0.035514686955268646
0.03947561713844475 -0.03379386369782595
0.038380451959064574 -0.035582941030654236
0.03832198780753368 -0.03626429151600076
0.040549561390884954 -0.04106204098270918
0.04160897581701472 -0.03328784194922202
0.03732853935312084 -0.046983798938663515
0.04649484563051428 -0.04171434102762559
0.042217722193093776 -0.03564035251261774
0.0458629680253048 -0.04045203105096727
0.042684243350405195 -0.035894319930978934
0.05520096358868172 -0.018669097575444837
0.04423753572312888 -0.03404651782874192
0.04029388981765035 -0.028520360424906358
0.03998102869119156 -0.027971487514739796
0.04384772134298622 -0.03315837988671819
0.04391048381538073 -0.03313300412415313
0.04469488761480623 -0.034101747612687965
0.044951889389418964 -0.034349678940603486
0.046146126287489334 -0.03588905608652722
0.0406095334202063 -0.028179181825539516
0.04032107438932197 -0.02768350018728056
0.040040098789761995 -0.027200358509836355
0.03976631935936827 -0.026729287092799134
0.039499463342420216 -0.02626983939367735
0.039239271585961855 -0.02582159061868391
0.05530233454874049 -0.002887986276657481
0.040350698553549925 -0.02273573450460364
0.03704948122290831 -0.018184022036103666
0.03954053399817155 -0.02156406025078803
0.039294763205252325 -0.021197073580416833
0.03905471191622352 -0.02083839146895123
0.03882018289342909 -0.020487735272966958
0.03859098786005239 -0.020144838673085547
0.038366946997218175 -0.019809447000285932
0.03814788847457084 -0.01948131660591693
0.037933648011756235 -0.019160214272142418
0.037724068468463975 -0.018845916659818447
0.037518999460880754 -0.018538209791066785
0.037318297002594966 -0.018236888564022488
0.037121823168151054 -0.01794175629744842
0.03379375569813651 -0.016489562055152663
0.0364600079828866 -0.017266829477881496
0.0336105834078822 -0.013311775381135624
0.03586665773915261 -0.016395357865403387
0.046089627838119006 -0.01975288266325777
0.04219275647300463 -0.02412503055668802
0.03404447794457017 -0.020426792554692288
0.0352397273868587 -0.018295478206170564
0.03611129332177838 -0.01661538347800964
0.03594603070499512 -0.016363694065293418
0.035783870911108455 -0.016116634158209235
0.048046302695381994 0.0011654826144124415
0.0365468826714629 -0.014157551115316941
0.03638332522253604 -0.013937248157043402
0.036222733798573645 -0.01372084721447389
0.04853425260817437 -0.010341484934606066
0.04196417899450213 -0.019925421098513554
0.04220537361947722 -0.020278426116904995
0.04232883784858902 -0.02120133626123465
0.04247126101745271 -0.020746227707317964
0.04253825494405134 -0.02085797662886394
0.04247549322980917 -0.0207906580778911
0.04254187659207713 -0.02090096465752789
0.042555899254451225 -0.020938825809261662
0.04246091221405029 -0.020826103113090143
0.042609291853499494 -0.02104862765586026
0.04221778113762192 -0.02052632126388676
0.04228448581378166 -0.020635619154581057
0.042024592015986253 -0.020294079219206868
0.04251981411877795 -0.020994159123920126
0.042459354068700585 -0.020927270234869316
0.042560072937672055 -0.02108260534268825
0.04252054489228015 -0.021044093928321378
0.04238882813974514 -0.02087800951265911
0.042247439103497056 -0.02069826945601295
0.04217733496173084 -0.02061670751614411
0.04206209234688975 -0.02047252451083752
0.041688737638383995 -0.019971419776421338
0.04177539952568971 -0.020105674537101614
0.041725579683262216 -0.020051113062980616
0.04188558156422183 -0.02028638677877413
0.041678462782279706 -0.020013932575027135
0.04187983285686561 -0.020306071084439714
0.04205988993982961 -0.020568631512439803
0.04328926098860926 -0.022282795325583908
0.042232919082117126 -0.020834582613630002
0.04231910134148944 -0.020966877868336276
0.04293214001006015 -0.02182823253296958
0.04189272291005136 -0.020402293587755235
0.041780733495918196 -0.020259719272959824
0.04193479541203405 -0.020485270265134102
0.04123153808416054 -0.01952368142778916
0.042221932207265986 -0.020907007300795866
0.04262210530467721 -0.021473159302118437
0.04142425326696558 -0.01982564431760796
0.035521292950691764 -0.02387843658290345
0.03491756150324563 -0.02433118419279896
0.03905907474373052 -0.018326847830679338
0.03903535781094398 -0.018293358441897955
0.03880615078577434 -0.017974356694835956
0.04193498361191044 -0.013348601045682985
0.038780223291594876 -0.01730872310463926
0.0386541276402367 -0.017136887508476487
0.03852960349572784 -0.016967162454228843
0.03840662167202067 -0.016799509305263916
0.036947304656126334 -0.01846221122332073
0.04213778051414852 -0.01721861247175906
0.040891302667182175 -0.020166010168770683
0.04044573639986061 -0.01955120844884941
0.04141570376401906 -0.020902313352599504
0.03999253487843436 -0.018929436563841186
0.04176515860039092 -0.02139570387644618
0.04098167630416876 -0.020311000594909707
0.04077224604097259 -0.02002376379496063
0.0410211958261625 -0.02037339903445008
0.039846067013590336 -0.021417344108905882
0.04016673280818716 -0.01936815672051753
0.040329073623532566 -0.019596528032948077
0.04036689379050712 -0.01965164167132246
0.036483568614223964 -0.025640350944212947
0.0347900353981638 -0.024570911371284018
0.03436087173783192 -0.024991942420980306
0.03756403837518257 -0.018039033096252693
0.03737810506991992 -0.0177689885149064
0.03744618805684801 -0.01785358342109949
0.03699310386566604 -0.017210836979214078
0.03721985155826426 -0.01751711259393921
0.037119552718689726 -0.017366984547220788
0.03702033272839453 -0.01721845679815245
0.03750453305822697 -0.01788457473770946
0.039313268815436814 -0.020400705307162866
0.043260522252404746 -0.015009009940383547
0.040272800588893806 -0.021034609165442263
0.04027547958163598 -0.021032707487228318
0.040501444203738496 -0.021342669508471697
0.04007698349742275 -0.020744404213612445
0.04105213072564178 -0.02210084759167519
0.037903489068165055 -0.017698481721171146
0.03760302927600097 -0.01727343934800905
0.03750704391308459 -0.017133911307529757
0.03741202693077275 -0.016995778160709876
0.035703218475347534 -0.01906899180509714
0.035496136555166216 -0.019089885001002452
0.0352652855065598 -0.019145954853704936
0.036748053561599235 -0.01685841825866255
0.040526754248267356 -0.022147592170775967
0.03680833310422531 -0.016924451690400615
0.036518492420091024 -0.01650903772409257
0.03946988807214334 -0.02063843424362368
0.036712241638470984 -0.022081161963359453
0.037980536535680634 -0.01884316356584025
0.037952968057295706 -0.018794249247293573
0.03795822138226739 -0.01879151957849369
0.03619790248378842 -0.01630990010048745
0.0363606969785611 -0.01652847765942161
0.036945473629324266 -0.01733965682337397
0.03492588647122041 -0.019739479279251387
0.03911091465978671 -0.02066638229124066
0.03665676981285325 -0.017206208346377365
0.03381937169019598 -0.019181079038466976
0.03700247256239899 -0.01801216743627482
0.038346343123385175 -0.019891148649645408
0.03844550543993752 -0.020018577607419184
0.03862912370647651 -0.020264999460257612
0.03783374811779051 -0.019133592881258668
0.03947820885117126 -0.021436526465549673
0.03907641272584247 -0.02085920551613578
0.03977845982287212 -0.02183596675393662
0.03917166142386841 -0.020970215850265855
0.037211625724140454 -0.018199921777589684
0.04035594498413027 -0.022614952004956664
0.0365579341350359 -0.02587179842564608
0.03827359310005808 -0.020134033141174727
0.03808288440896742 -0.019852274209272488
0.038252540431333186 -0.020078333697803985
0.03945923265415017 -0.02176575629053161
0.03860583192974854 -0.020550514726003614
0.03904046040955844 -0.021150302018552357
0.03877243364797305 -0.020760116140054578
0.03892116485998524 -0.020957279349087005
0.03811181419854124 -0.019804583865041584
0.039542298411397635 -0.021808067659704767
0.03963030254120068 -0.021919998311911357
0.043074583509641114 -0.019248732265848858
0.03942860904091117 -0.021208212275393237
0.03929209337554454 -0.021005802511076515
0.04103802947627147 -0.023455390081210774
0.04097104241163564 -0.023351077415287486
0.04189503739188856 -0.02464321734932445
0.04114971991106094 -0.02040132827918997
0.04009946812993579 -0.02646387383975693
0.037873502771494844 -0.01901163351510021
0.03779828571861506 -0.01889570262498046
0.03772365549265849 -0.018780678940712586
0.03764960525691495 -0.018666551857932753
0.03757612828040032 -0.01855331093686142
0.03750321793582238 -0.018440945899125233
0.03743086769759215 -0.018329446624649144
0.037359071139881926 -0.018218803148623123
0.037287821934727954 -0.018109005658534464
0.03721711385017429 -0.018000044491272797
0.04172294976344011 -0.024347881773306494
0.03731380361997332 -0.018118150074712912
0.037243844586245786 -0.018010457208546667
0.037174408553308315 -0.017903571791063666
0.03821249813147705 -0.016311752229031976
0.03709274044064953 -0.01761747931951078
0.037024639345431036 -0.01751321647313283
0.03695703982234948 -0.017409723989015594
0.03688993635356816 -0.017306993362864904
0.04077777731855247 -0.02278611435581911
0.03695702618178647 -0.01738573054720766
0.03689070464227946 -0.01728428240836327
0.036824862372948075 -0.017183569716535303
0.03675949420016128 -0.017083584505208423
0.03669459502444555 -0.016984318922483282
0.03663015981916075 -0.01688576522902471
0.03785677611980997 -0.01860895658004962
0.0365651883907225 -0.016778980431809837
0.03650186184098425 -0.016682158256501205
0.03759175482057034 -0.018212554208742213
0.036431970557795575 -0.016568760112916688
0.03636974430450595 -0.01647365230810484
0.03630795250653666 -0.01637921050069232
0.03736367338495183 -0.017861560184244805
0.03623988463425745 -0.016268806215151765
0.03617921331143518 -0.016176100356026672
0.03611895954492443 -0.016084034407377226
0.04615398628275072 -0.002388002850566181
0.03648792807741674 -0.01524417973953756
0.04104322866480935 -0.02166019713729469
0.03658969268782273 -0.015383126288477869
0.03652899889771201 -0.01529546864755685
0.036468714878624554 -0.015208402759171413
0.03640883649634421 -0.015121922652648985
0.03506984197608757 -0.01675763691548629
0.03623097933636924 -0.01503050609367703
0.0424311700202879 -0.02377202381655788
0.03641376483767443 -0.015282873049302247
0.04242129990075566 -0.023752898570990118
0.0409448173943231 -0.021667229246279465
0.042722147667599415 -0.024172286198972534
0.04145989623300344 -0.022388766719288293
0.04229954226975141 -0.02357090700741722
0.03728866566447407 -0.016500842986133853
0.0426302610317506 -0.024032577310248587
0.04103916119244419 -0.021785197129794924
0.04193793627371442 -0.02305076302343547
0.03992214596692388 -0.020204613020164307
0.0395157987118799 -0.01962904691597621
0.04133544401992792 -0.022193436213579172
0.04156823042250723 -0.022519466184479288
0.03908753853815077 -0.01901782544981674
0.042168403443799 -0.023361540078342066
0.04018405548241211 -0.020559671021902037
0.039419119717654695 -0.019478393564767264
0.04040645519627708 -0.020868722829193272
0.042562959233262976 -0.023908998338351167
0.04227139165164248 -0.02349527834018946
0.0402289813305775 -0.020611486691603086
0.04171635562106201 -0.02270758077887276
0.041640807290413445 -0.02259873951351617
0.04577247213523362 -0.028428131552731307
0.042573716588057677 -0.02391068018796364
0.041116682480606834 -0.02185259922335151
0.042058172319081086 -0.02317879839378161
0.04019004438120437 -0.020540985086176793
0.041592975854611906 -0.02251806309359356
0.040233712782829154 -0.020598258552676784
0.043422345801262884 -0.025095350553127855
0.042800867886409195 -0.024216122140562426
0.04408111181029152 -0.026020973870346555
0.043214241347984926 -0.024795322617735475
0.04371059686079217 -0.025493814802032087
0.03969030591955399 -0.01981905627278193
0.04231192831287852 -0.023515716671067728
0.04246540581296589 -0.023730256181138575
0.04177060984413103 -0.02274778116252633
0.042130968808406485 -0.023254256031020076
0.04097951875797457 -0.021627551840101646
0.04049414406360046 -0.020940776639411192
0.04187116736060754 -0.02288165420206672
0.041551302650116445 -0.022428334950740664
0.043171541129499356 -0.024712859642556435
0.042900548380762155 -0.024328441519522435
0.04257468502562972 -0.02386661317321754
0.04249944556442823 -0.023758504425512316
0.040055718261275595 -0.020308571183874823
0.041234665941178195 -0.027022362433885144
0.04229940091193828 -0.023677831124778292
0.04363798695556363 -0.02556554136477616
0.04349639615585251 -0.02536311623784972
0.043539860281408334 -0.025422044590207703
0.044444744401673744 -0.0218258438506422
0.04143095395681314 -0.02223972871146845
0.04037727060591965 -0.020751974959945452
0.0433698788259492 -0.02497102632778386
0.04252030754083102 -0.023770725849610957
0.041224027416089326 -0.021940583827418217
0.04112121509119275 -0.0217937851663855
0.04128875868395563 -0.02202827840209907
0.04127749156448388 -0.02201060509441562
0.04131156768094938 -0.02205689070916448
0.04233267021698241 -0.02349535549936635
0.041251111038906656 -0.021968109818108966
0.041437644427659716 -0.022229445576156946
0.04246045951005006 -0.023670402737613578
0.04150076752833962 -0.02231501749941966
0.04271731192056867 -0.024029310097474978
0.042076441469415006 -0.023123579856515
0.042201355655923686 -0.023298088469650632
0.041555816227558 -0.0223858603662881
0.04135569908565617 -0.022101933515234474
0.04129454056848809 -0.022014006986188057
0.04942770002649805 -0.01127725161880603
0.04154966785646979 -0.021490940838037962
0.0414482170186032 -0.02134871407473163
0.04160677134750373 -0.021572838320943175
0.04169885835218609 -0.02170330862693537
0.04189590692574154 -0.021981683258899952
0.04191354720653372 -0.02200724873792277
0.0419526649909475 -0.022063076321691195
0.041937904797649875 -0.022042977197156026
0.04189145822063002 -0.021978222367889294
0.04220108233198076 -0.022415243998836903
0.04080125427136109 -0.023303275087981353
0.0418125446552661 -0.021977926901917078
0.04203812009054067 -0.022296365982017823
0.04174517977292423 -0.021883744218169698
0.04170352044779294 -0.021825403141219307
0.04173214581432107 -0.021866152605228003
0.041699617462271334 -0.021820680573008445
0.042084752264602086 -0.02236408264968164
0.04135305604433428 -0.021332851152653265
0.042381187029648944 -0.02278283714837462
0.04142922667165008 -0.021440999141862708
0.042229815066971925 -0.02257016284346817
0.0416997724328444 -0.021823191920698135
0.041499783118010204 -0.021541601500108632
0.041520272083057023 -0.021570860902438288
0.050340208667182994 -0.00975618996641095
0.04174155105240692 -0.020969000000174605
0.041567660422834725 -0.020726780555295622
0.04169554344120744 -0.020909514080953626
0.04183381154045301 -0.02110686612878262
0.04183156059577183 -0.021106316457423304
0.04182176842967098 -0.02109513333835718
0.04175126858731641 -0.020998441709626278
0.04194047898768396 -0.021267494808492472
0.041936354439413646 -0.021264255913241752
0.04216759632933103 -0.0215924959568167
0.04206129302693875 -0.021445322110765507
0.04177604601871694 -0.021046115094232765
0.041707695996449676 -0.020952371822965526
0.041397233372338166 -0.02146485003823485
0.04180984139523202 -0.021135737447474406
0.04195843320193225 -0.02134726065905046
0.04204107816236788 -0.021465964605307374
0.041849995280812534 -0.021199406320105474
0.048903636092958426 -0.012576620491529078
0.04227015382799031 -0.02112337925352071
0.042306911070900996 -0.021179019796819402
0.04195609103744716 -0.020689593618668532
0.042043638858931094 -0.020816616303494864
0.04174509755390421 -0.021373110232154602
0.04200913036124524 -0.0208101029214409
0.04188531473154401 -0.0206396716808985
0.04201416169667645 -0.020824709478442255
0.042046323397454156 -0.02087369851999486
0.042188750076662646 -0.021077818828825725
0.04233675552936511 -0.02128978007369875
0.04259853532408747 -0.021661832422600582
0.042457399468028956 -0.02146690476730429
0.042631253139189876 -0.02171520679937042
0.04217028396104226 -0.021070186162582126
0.045735231768254 -0.02609168838495699
0.04238341607335355 -0.021377320038674014
0.04283150877533336 -0.0220114901646079
0.04305425752232047 -0.0223285530582402
0.042357266087323875 -0.021351237290959474
0.04230499759664145 -0.021281222697884888
0.04223986200894301 -0.021193084513628734
0.041406823667441126 -0.02002439457735752
0.04207285413033694 -0.02096506233240232
0.042100156617939505 -0.021006954692420962
0.04182422641554847 -0.020622121908049972
0.042136503220039576 -0.02106500072302132
0.042077775404019135 -0.020985781306385745
0.04219223804138822 -0.02115027167264914
0.04220336072142768 -0.021169320467567768
0.042272278072172376 -0.021269690307394992
0.04231824013631264 -0.021337741492960242
0.0424589759171107 -0.021539162724453772
0.04219434231529871 -0.021170061452288006
0.041616926983381326 -0.01957656885145873
0.042260908473903507 -0.021244695213905887
0.04516055047528409 -0.017434751240545335
0.04219664380306186 -0.02089595945378805
0.042239241466766594 -0.02095982940228075
0.042475261083464604 -0.021295989349585296
0.04199888990844858 -0.02062921982210601
0.04205098105866557 -0.02070640081574804
0.042480413594375585 -0.02131480421698432
0.04196203140989368 -0.020588826969328997
0.04194650648779845 -0.020570769582548096
0.0419668943578526 -0.02060325327356407
0.04213799038852165 -0.02084789251944829
0.04237078720759763 -0.021179394727599776
0.0422288051462957 -0.020983234773803473
0.04232690052449299 -0.021125064158101864
0.042208402113014756 -0.02096193314276028
0.042183643123745 -0.020930762695244024
0.04230470980360356 -0.02110488833003211
0.04227246083936352 -0.02106314095057923
0.0422225631571029 -0.02099652920050104
0.042274905502789 -0.02107385110316127
0.04225761102820154 -0.02105311197826871
0.042119280700064925 -0.020861943173112164
0.04200227329608988 -0.020700782302197376
0.04290597007814421 -0.021976794688190894
0.042079869300565384 -0.020817145692051536
0.04095378217528478 -0.022072074726259897
0.0421583881556188 -0.021026702927762386
0.042527063441604375 -0.021548668636101418
0.042175902364459505 -0.02105794997303893
0.04245361036395648 -0.02145191991787259
0.042279526447823304 -0.021210284075533423
0.0411787140554247 -0.021734091435651793
0.04246343621695288 -0.02385962954373972
0.04082278063243272 -0.01930622758627188
0.04032305954613161 -0.019849592303922185
0.039857584325002034 -0.02034823047043804
0.03986470305800806 -0.02022214599351469
0.03985277110049032 -0.01883553934094158
0.04173580407440581 -0.0174722350839305
0.040496403889190166 -0.017864579483416614
0.04041326868731899 -0.018169510364282878
0.04167058832743232 -0.021472078837828833
0.040344112665497145 -0.023005360196309277
0.04166894869763894 -0.02172104322828188
0.04001820182503365 -0.023147054827610432
0.03934797921580682 -0.020064509177194746
0.039334821619912676 -0.01935820573296711
0.038618397143106824 -0.019814316767508375
0.03921354817610418 -0.020071187483578567
0.03923360995978059 -0.019930218035848567
0.04020735755166398 -0.020108653649921784
0.04095294243986121 -0.022995653593405566
0.04108638483496984 -0.024077180363093472
0.038565465966407975 -0.02097356999514054
0.040556965979143926 -0.02059097454025582
0.039976870261850476 -0.01929970410779772
0.039807307238907956 -0.02281424987794475
0.04101629144495744 -0.020455350657319495
0.04001765650294766 -0.022533147556347378
0.04068958613297393 -0.0240820756351504
0.03844058210401221 -0.020238747186728523
0.0382759422292195 -0.02079453837739667
0.038144566340901825 -0.020573707177844458
0.03827164452752551 -0.020676375435165196
0.04096312646743998 -0.023710965229412587
0.039353973808956486 -0.021570703059971743
0.040420800503033975 -0.023811809722138356
0.037876802360827855 -0.02183850563401638
0.039415427945204105 -0.02320443954645167
0.03990554674916978 -0.022983689470276937
0.04045954905122364 -0.0211853809183831
0.03929061786554613 -0.024551214111116743
0.039242235276569844 -0.024518876876754896
0.03850612212976835 -0.022039102230692345
0.03768114480551896 -0.022798131909626682
0.03860858340263267 -0.024684284123534024
0.040004376686750505 -0.02123413696916248
0.04023975421347197 -0.021564315819941858
0.040095413650013956 -0.021356782341307837
0.0399344879143635 -0.02112578217732205
0.038228441377738225 -0.023335616104312
0.037738922400353495 -0.02212140699199469
0.04052499026153899 -0.022204402875242592
0.04069843185435316 -0.022446671852077976
0.04057973991563611 -0.022274912547119753
0.03900468912719774 -0.02003939676714433
0.03864418181169233 -0.019525110936907463
0.04020658064827663 -0.021735536658291494
0.03893929332929762 -0.024003681569567708
0.03885505814990926 -0.02245126228754496
0.038650815875383895 -0.022567081529211636
0.038827191209712335 -0.02254138186637844
0.039100686906572105 -0.022680910340933738
0.038569036042167326 -0.022466143366071847
0.037418639082332394 -0.02079664454553319
0.03739396096432493 -0.020244610739847256
0.038654068873584004 -0.022774863120246836
0.038667928270693805 -0.022337397800914954
0.038195246734336614 -0.022967509387288823
0.03879227694184802 -0.02229983023833574
0.03841389294746533 -0.02266092398211926
0.03872882781700108 -0.022302481367688105
0.03856604813860379 -0.02220127754331382
0.038256669596699426 -0.022375886916304703
0.03839200234540226 -0.02202526317980024
0.03805232669550704 -0.022337647107912518
0.038419407384903785 -0.022151100860016055
0.037273500301990996 -0.020813586325575943
0.037277094692199884 -0.021063198511324734
0.03815225899845223 -0.02199480834131264
0.03827946084405141 -0.021979834775228947
0.038035542901505105 -0.022141083909328535
0.03823115251993162 -0.02214021559487218
0.03861974035765715 -0.021298567626338905
0.03796976100345127 -0.022128095608985054
0.03809897203575762 -0.02151336689079006
0.03794402431934849 -0.02178662162948011
0.03777561319601815 -0.021638476295290733
0.037603156235328526 -0.0220231485930013
0.03775205821353567 -0.022079304231852073
0.037770656627864774 -0.021997487871798033
0.038163767923291396 -0.02122243824396621
0.037942170727913845 -0.021430771823609734
0.0380857402175328 -0.02069099251881157
0.03795747156254044 -0.02154413666588631
0.037722196861457835 -0.022198151370656293
0.03798107743387077 -0.02179395867667868
0.03801311918976754 -0.021670648548870294
0.03812009243493879 -0.02123778873561914
0.036997723541470254 -0.022587114319600535
0.03825050526857317 -0.02103070117579013
0.037364740918456985 -0.0221057515610992
0.037210229563013675 -0.022226707686081083
0.037144602434650086 -0.022254968352874896
0.03721209228748299 -0.02215768894406662
0.03682834271923084 -0.022452740783425053
0.037212516489651015 -0.02205764546868614
0.036933013684151826 -0.022278947521155307
0.037116652870664124 -0.02205891349278142
0.03695137155710556 -0.022278808935056175
0.03705720683303761 -0.02265041269826668
0.03724340303760185 -0.021877419992702856
0.037355500022270616 -0.0219852701726205
0.03790255208164094 -0.021121847001091036
0.037966563624203184 -0.021301411232338644
0.03759564978815865 -0.021910051951285984
0.03754140644332271 -0.022091141972733003
0.036854156813277215 -0.022232547069748282
0.03811976750471124 -0.020948346988986753
0.037951877659296814 -0.021356046851670186
0.037400071340800964 -0.02186469850503082
0.037779479556767075 -0.02112579853936894
0.037436090314478546 -0.02298334452995117
0.03753065440235692 -0.022386609863004843
0.037981847128176954 -0.021497198280348538
0.037825983947023446 -0.021263874917583806
0.03792496639913352 -0.021398909539145854
0.038029310993508085 -0.02154171153696544
0.03801632305961085 -0.021514965835605866
0.038266056580750336 -0.021867913714528786
0.03788425306941803 -0.021308250349923886
0.037889005527685274 -0.021307229223861374
0.037976477159038236 -0.021425755837731826
0.0344233816279832 -0.02606566332344825
0.03946271929023074 -0.019064709907923298
0.0379426948218311 -0.021482345611712417
0.038029612405090854 -0.02159988276962386
0.03805745494278642 -0.02163213693836666
0.038409666735888845 -0.02213278354565744
0.03828583614748224 -0.02194606683183622
0.038621215902732445 -0.02175865629129109
0.038360074320216216 -0.022020479844008435
0.038198722129017725 -0.021779650215886515
0.03823453622836985 -0.021823592393637445
0.039242979684283086 -0.02014586775267679
0.03819108896020323 -0.02166553191556224
0.03816729566584669 -0.021623597626933506
0.03801969741395126 -0.021402900348712298
0.038280084855773965 -0.021771409780075388
0.03824865298179473 -0.021718517045199934
0.03852314148573806 -0.022107412015765965
0.03870609608580149 -0.022364138167088054
0.03862039387796034 -0.022232931570373607
0.038250192825959095 -0.021690976232087565
0.03845644179269895 -0.02198138201514779
0.038469438845531 -0.021992778870315317
0.03845345280120703 -0.021962353811852908
0.03793046661224098 -0.021200033020708237
0.03801815240524702 -0.02131933949497088
0.03796970859364587 -0.021242159463991772
0.03809105942372317 -0.021410095956386547
0.037948546434740806 -0.02119718444901595
0.03923815835591023 -0.023051520090646295
0.03815520146625675 -0.021481112454073675
0.038206888183684146 -0.021548566044077955
0.03810655362684002 -0.02139663668198375
0.03814380555226269 -0.02144330018054968
0.03814642131798449 -0.021439998455888606
0.03813625958382822 -0.02141827993987246
0.037568611486386426 -0.020592158690964316
0.03760358460908875 -0.02063563767723332
0.03911041007017477 -0.022802977227403053
0.03885619877877924 -0.02242912107689145
0.04419105219133494 -0.011758155446486182
0.0386368672085655 -0.021534625923152195
0.04389505903950669 -0.013118119428721748
0.03825029840219784 -0.020669118239868826
0.03745947601676089 -0.02156364583342752
0.038099198963714734 -0.02049007381106661
0.03801011091874085 -0.020356098879564185
0.038058425494100274 -0.020420192655533694
0.0379017503151265 -0.02018885185224045
0.037901844079467485 -0.02018348238669569
0.03751058189993909 -0.019614137744022903
0.03761736975380469 -0.019762570859618557
0.037418127581905845 -0.019470023494534774
0.0374125966686093 -0.019456638245279104
0.03745524627220288 -0.019512692441213446
0.03528060862027657 -0.02236033674749174
0.03740610892304298 -0.019576285423744056
0.037341391948908356 -0.01947748529989456
0.036522613468616544 -0.01992386579103162
0.037127449180743004 -0.019197291742254367
0.036982058904616984 -0.018982230799277
0.04169440473412447 -0.012122810193203623
0.036582535057023025 -0.018064633083675834
0.03655461828766775 -0.018019444455825186
0.03650724506282143 -0.017946259846833137
0.03653050808256967 -0.01797479394224776
0.04256067007931332 -0.009601567913097301
0.03659510914944873 -0.01764622156649537
0.036583122455927514 -0.01762467426437331
0.03650061687168171 -0.017501683507507765
0.03640690966926862 -0.01736259841945934
0.03635866336355601 -0.017288935614226904
0.03629217646893256 -0.017189049805547408
0.03622101215395387 -0.017082454440893267
0.03679785134684429 -0.016236691911962396
0.035955994435227005 -0.016653286072234704
0.03599974683390096 -0.016712089177129696
0.036132384003135336 -0.016898721284589996
0.035611706132996954 -0.016145911187932262
0.03380824432827134 -0.019192702802909457
0.03640164374981682 -0.015712272471619566
0.03583558096717792 -0.016549172585758828
0.035886715420958365 -0.01661852049949464
0.03583248958706107 -0.016536388803512464
0.03580021396154297 -0.016485833078563137
0.03578105760347665 -0.016454153884756968
0.03508806018301992 -0.015453774049049827
0.036219885907623595 -0.017076811317518693
0.03619587738018453 -0.01703817653801941
0.035083700783005885 -0.015435284244959761
0.035104907905746864 -0.015461716113140848
0.03187187180893218 -0.019213118160760465
0.035954580255055456 -0.01686920283725755
0.03593108997043665 -0.0168311056324733
0.034641934636695224 -0.014973784891786537
0.03457481559940021 -0.014873067074429648
0.03607700389301987 -0.01702794112557475
0.03531943242374444 -0.017443949644427387
0.03540571679514816 -0.016089038211794342
0.0355237977933256 -0.016254483245701182
0.03522977755613633 -0.015827600163937392
0.034951598237802556 -0.015423535836711638
0.034971319577615394 -0.015447648345995898
0.03488916006059522 -0.0153253546618606
0.035490878562904 -0.01618591112063373
0.03559777395004528 -0.01633532516410817
0.035652801910375106 -0.01641020282823722
0.035788948691388184 -0.01660166938144401
0.03586945748586802 -0.016713181447613402
0.03427725287829009 -0.01917640604925826
0.03595590820451534 -0.016936369817379185
0.035984766095443314 -0.01697353504865553
0.03603358549128702 -0.017039400545597893
0.03570778497160347 -0.016566867853081438
0.035372591842192734 -0.016080895249546312
0.033409640458782995 -0.01810909366005612
0.035032044344016466 -0.015691483385718654
0.03477370445645788 -0.016271878734173663
0.03532359947355838 -0.016123234010192913
0.03533152035645687 -0.016130244966596704
0.03585972649509519 -0.016885252309006355
0.03582781301414486 -0.01683499983103897
0.03588552445713154 -0.016913608621907897
0.03601477975567393 -0.017095078290673672
0.03589731287114162 -0.01692186986978652
0.03522040583020815 -0.015944523145019998
0.04321277506446578 -0.005105566736499808
0.03552406795228446 -0.015864804557361008
0.03559998855523602 -0.01597022744518884
0.03570069187939835 -0.01611123652154194
0.03686634627198195 -0.01778130017848431
0.036388131039907394 -0.017091076316434514
0.03609209235136403 -0.016662485541335897
0.03605518762227908 -0.016605957079231487
0.036121907007256364 -0.01669820415121101
0.036045684381324355 -0.016585252574296334
0.03592616684940386 -0.016410166470781837
0.03593694405916036 -0.01642213402137931
0.035976621576852975 -0.016475595266181288
0.035973294036158655 -0.016467333216421343
0.0360595447356196 -0.0165876608835842
0.03615111511235074 -0.016715629649305626
0.03616268538317595 -0.016728773890272733
0.03618500260279185 -0.016757352135707306
0.03603982779475069 -0.016545539120724113
0.036399034374700386 -0.017057667535835503
0.036922370428572215 -0.01780539672200361
0.035951108462371144 -0.016407944155839446
0.03574201282050975 -0.016104469229848567
0.035948864870074905 -0.016397930169421256
0.03597697094499991 -0.01643488060954298
0.03601770091544984 -0.016489954201776662
0.036938656379757503 -0.017808255715868537
0.036130470985559125 -0.016645051483550697
0.036151791676782154 -0.016672292577732947
0.037016181130143544 -0.01790937596362505
0.03642908093074039 -0.01706350441050929
0.036146637524586224 -0.016654887482149612
0.035924117275049544 -0.016332291180629305
0.03588733827227701 -0.016276218760341302
0.04149948566966589 -0.00877720709538028
0.04318065555724528 -0.006822033002697062
0.036408755512123504 -0.016257616204493727
0.036275686957317886 -0.016064582609951354
0.03634665482253274 -0.0161640229880054
0.03628156055260987 -0.0160684418941867
0.036265357171511706 -0.016042946495869317
0.03624634456290339 -0.016013431603743855
0.03624987539908062 -0.016016233882292126
0.03631108095545326 -0.016101702318569357
0.03621298751111869 -0.01595886771556859
0.03592221124771968 -0.015539911472822356
0.0359681009986839 -0.015603448574982134
0.035950791943425736 -0.01557642267944564
0.035955416600905545 -0.015580834692254984
0.035842005364099934 -0.01541611033518296
0.03591977889841397 -0.015525354170811245
0.03590561728121262 -0.015502864494020607
0.03621987026072926 -0.015950972349610806
0.04519461866515388 -0.0035037886198232937
0.036350555576348025 -0.01559124236923514
0.03650562347467698 -0.015811693174481774
0.03659645215285171 -0.01594020028415471
0.036321799567366135 -0.015545619139719904
0.03626578510031628 -0.015463972312325413
0.035942174233589634 -0.01499937736857066
0.0366113836643362 -0.01595562584516892
0.036002440353010506 -0.015082695442924749
0.03598709994237985 -0.015059285325593611
0.0361771859758044 -0.015329843341961741
0.03630537166029204 -0.015511822322782094
0.036347349339009 -0.015570437633230674
0.036452719000427264 -0.015719768184204085
0.036893401994695325 -0.016348942900404388
0.036617351326252774 -0.015952453065860673
0.036427350284573994 -0.015679125782705628
0.036404788993754274 -0.01564540364695665
0.03610075432718168 -0.015208946057327708
0.03603842821678273 -0.015118347593953337
0.03619888164582348 -0.015346497871078738
0.036288992532226644 -0.015474005039957123
0.03653886505504042 -0.01583009635367824
0.0366945035860674 -0.016051361076391286
0.03677295653552017 -0.016162189539448955
0.038341568968790964 -0.018405361146671566
0.03678908886409076 -0.016182435631949356
0.03693056547391868 -0.016383439344718073
0.03646420166186288 -0.015714807915074926
0.03631737217144107 -0.015503356472851374
0.03618285162030487 -0.0153095282524143
0.036406583115201285 -0.01562819759368824
0.03706112362732153 -0.01656319396892017
0.03662304685002362 -0.01593508510618143
0.0367527632571885 -0.016119264709834453
0.03696673821853721 -0.016423982532065142
0.037068954656770875 -0.016568823443006527
0.036994768974435654 -0.016461312729224607
0.03692383427467128 -0.01635846054973821
0.036915918823285064 -0.016345762819912058
0.03678298727851043 -0.016154241854192418
0.036271242976598145 -0.015420908140873648
0.03618543776293132 -0.015296835019342496
0.036389256134974894 -0.015587000457635973
0.03630609522011584 -0.01546671491684375
0.036364905622035974 -0.01554948518601146
0.036473862388421235 -0.01570397650284862
0.03688050309518955 -0.016284229836641347
0.041498982251960144 -0.010088373736827057
0.03690812821357603 -0.016064271431943687
0.03697190638410509 -0.016154417119672745
0.03677721043012902 -0.015875063961985517
0.040698363796931564 -0.010355393284110148
0.036344300284291794 -0.015033449531550771
0.0357570757156968 -0.014193547903711193
0.03657582957218359 -0.015362839412424964
0.036511014896339296 -0.015269468582945832
0.03630065206737219 -0.014968110882161451
0.036356666726785655 -0.015047419818574694
0.03648912209471248 -0.015235962664474287
0.040613890889502194 -0.010354088429181701
0.03691850726292991 -0.01563586560387206
0.03687985196344133 -0.015580145563843194
0.037111096049126366 -0.015910050167767087
0.03693828586813106 -0.015662655214908283
0.03700592017725872 -0.015758797951116878
0.036573124606780395 -0.015139992666719398
0.03739439070507336 -0.016312841461073358
0.036672032978755625 -0.015280336795187439
0.03790026645126087 -0.013400288717603267
0.036687913978158966 -0.015231360729922693
0.03686658677928084 -0.015486194995958486
0.03695155255547091 -0.015607170371120279
0.03702670670785366 -0.015714129140544254
0.03703786608634848 -0.0157296728062455
0.03707533933416221 -0.015782804827298876
0.03711295029683463 -0.01583613329761869
0.03698671189373784 -0.015655418385079174
0.0417359317464291 -0.00871058959409855
0.03700954738931114 -0.01542004796725994
0.036958912458392924 -0.015347675449581755
0.03702137038685551 -0.015436764060199953
0.036957366626275946 -0.015345307553023792
0.03707379541168598 -0.01551144529228412
0.03734475805400136 -0.015898205282623753
0.037397542411777784 -0.015973477101708
0.037545052906177365 -0.016183986682732406
0.03734630964980696 -0.015900159757455873
0.037327781960476786 -0.015873622906709694
0.036856013229055185 -0.015200067995658708
0.03787236354852718 -0.016650912906961086
0.037067161608127536 -0.015501323261855793
0.03707508220910542 -0.015512549190161477
0.03692489744766181 -0.015298087867276397
0.037001118233282414 -0.015406809399961263
0.03715466259094663 -0.015625903940069782
0.03721661875825428 -0.015714260699223413
0.03726982209979773 -0.015790122140659012
0.03730604005138053 -0.015841737105800988
0.037332022849191765 -0.015878741469221656
0.03735048212838293 -0.01590500619131892
0.03705283503076965 -0.015480077173401502
0.037006850424448255 -0.015414365307591568
0.03706849331546534 -0.015502269065816178
0.03708766933684153 -0.015529559878682361
0.03708849466012727 -0.015530659218243646
0.036982545544262786 -0.01537936815157864
0.037251458309976004 -0.01576308916779753
0.037618706152210725 -0.01628716982256654
0.03738218762364696 -0.015949507690383082
0.03723821452541139 -0.01574394532018843
0.03723944067292282 -0.015745615037979457
0.03752259097059372 -0.016149643447916185
0.036990111313832764 -0.015389634086301774
0.03714347349543357 -0.015608419577413398
0.03698303451830902 -0.015379384667117826
0.03726761202419776 -0.015785419606544428
0.03725144936658404 -0.015762274650879895
0.03738971514014745 -0.01595951028766281
0.03715782801519216 -0.015628516232297295
0.03636929236373958 -0.014503264911914176
0.03657576072079697 -0.01479779819577849
0.0370855590234149 -0.015525160282656509
0.03700290707694645 -0.015407146781433689
0.036853765618104814 -0.015194265636855263
0.03886100313260755 -0.018058654536508338
0.03842506338103793 -0.017436366910140097
0.03914194216330206 -0.01845942394776574
0.038777986055594175 -0.017939855183415374
0.03868306410463229 -0.017804280387458064
0.03773267213413468 -0.01644791567854647
0.037427015290624095 -0.016011688015563297
0.03758564370818767 -0.01623795038263085
0.037650915766044506 -0.016331003355633728
0.037660669339157994 -0.016344837261310932
0.03756174222193226 -0.01620360072454395
0.03770499441600348 -0.01640791599358486
0.03731772637987671 -0.01585528334267178
0.03739311612802685 -0.015962767790946568
0.03727740487893627 -0.015797602701219476
0.03723883834588628 -0.015742504584967752
0.03757398427150184 -0.016220581634187187
0.03730343919463745 -0.015834517532921488
0.03720624771229058 -0.015695785136211823
0.04383340170583111 -0.007448260343186619
0.03761695906877484 -0.015958921430308897
0.037581624288881614 -0.01590879689285667
0.03760262115095539 -0.015939006483255864
0.03762057956910958 -0.0159648818974783
0.036808466282265584 -0.014807097692603598
0.037337505245227866 -0.015561743538613289
0.03733437874883066 -0.015557553139432283
0.037238936440386644 -0.015421725664310017
0.03731040874402443 -0.015523907712223948
0.037373058218234716 -0.015613507365137981
0.037446655804377206 -0.01571871654439528
0.037708906609097585 -0.01609293352945032
0.0434628922678623 -0.007777756991339651
0.03779503087009522 -0.01591953234622163
0.03773287901986561 -0.01583150440194277
0.037787381761535226 -0.015909768704668693
0.037490269313437886 -0.015486814418245494
0.03745407303102164 -0.01543579141926865
0.03744285051912633 -0.015420365880944788
0.03734805602870981 -0.015285818940542463
0.03730850155575001 -0.015230010584813377
0.03772803495572047 -0.015828567502545157
0.037661167952539154 -0.015733818318267197
0.03775246003785064 -0.015864505680937488
0.03776068783462509 -0.015876792775014557
0.03769819712408365 -0.015788279753017307
0.037666038231842995 -0.015743000735672544
0.04082416515330015 -0.0182912445250912
0.03889804316148939 -0.017465820168874203
0.03753317237540017 -0.015520725634021423
0.038472887123151514 -0.016860853589293234
0.038630849100779074 -0.01708661742604752
0.03764324777599166 -0.015679393201292784
0.037687566896727594 -0.015743150064894722
0.03861460172497363 -0.014587176298878938
0.03784917334812158 -0.015931400500657722
0.03775083206924092 -0.01579185503547068
0.038249436623239715 -0.016503177165606172
0.038009025715894214 -0.016161114989561458
0.03917041699444706 -0.01781726687426819
0.04100238399772194 -0.020429884133902218
0.038014276937293104 -0.016170451307421427
0.03724176396935609 -0.017002750397817852
0.03981516651150113 -0.013322716355947539
0.044864263894548825 -0.006335024108678133
0.03764817656762924 -0.01726904664378427
0.03846996605750245 -0.01645213543077312
0.03824565670692813 -0.01613349425104622
0.03817105080903272 -0.016028172860362705
0.03793913869506017 -0.015698720098055743
0.03756615879362012 -0.017184654889457494
0.04082760636967602 -0.01985218330698746
0.03743837266636348 -0.01741192297677336
0.03694560596390794 -0.014361620984560848
0.039814623184380254 -0.020707372768401518
0.040073305782232206 -0.020359238284261526
0.03892869284934158 -0.01840703146788065
0.036617819135565007 -0.0149785800853041
0.03674006355296431 -0.014171375306239001
0.03755635687940738 -0.016569711931483877
0.03801002117708501 -0.01600480561632216
0.037462282282206945 -0.015224374884157399
0.037493446150300064 -0.015269590406239117
0.03964416442618126 -0.018338085403911544
0.04029861230289278 -0.01927250488397575
0.0370103526482513 -0.01458297559091514
0.04046453961926263 -0.01951068777867402
0.03661748685692941 -0.014024317495954872
0.0381646535932047 -0.01623141529468945
0.03723518681426233 -0.014906659564739569
0.037032915584841196 -0.01500565537700491
0.03696894154908217 -0.014534946631098755
0.03709465149851181 -0.012626811778195584
0.03502555085473343 -0.011729747783649314
0.0356218995964247 -0.012581004867995453
0.0368581647892618 -0.014345036134296645
0.0368406057764429 -0.014320777982930306
0.036823080628152635 -0.014296567158584874
0.036805589246580214 -0.014272403522922899
0.03678813153429125 -0.014248286938145595
0.03677070739422544 -0.014224217266989848
0.03675331672969447 -0.014200194372726118
0.0367359594443817 -0.014176218119155226
0.03671863544233837 -0.01415228837060636
0.036701344627983745 -0.014128404991934422
0.03668408690610171 -0.014104567848517144
0.03515865300244207 -0.011930041351135182
0.03619632565502779 -0.009442309252939655
0.03830818946418619 -0.01157905946719465
0.03661187056767559 -0.013859273244506023
0.033290191935708646 -0.010974713500235
0.03652280169035288 -0.013765477452363192
0.035905212470395034 -0.012885460704886076
0.036478958766388965 -0.01370469736943229
0.03807818876583142 -0.015986943270710267
0.03647213499030426 -0.01369671574932485
0.03645527233907881 -0.013673537181550753
0.035845172023013586 -0.012804247866302309
0.03725788816258303 -0.014820124622573167
0.03640911440241929 -0.013610313067255861
0.04106425232491019 -0.020253026838506615
0.04041644197866407 -0.019329259010112003
0.03650300152993694 -0.013746816792300129
0.0400376682892074 -0.018790332988940877
0.04050219961925448 -0.01945405626792944
0.04297737311380048 -0.017000695155669234
0.04059618383685004 -0.019491838264578256
0.0408064137379528 -0.01979277350235448
0.039993159218933066 -0.018633030419231828
0.03962675722219729 -0.01811107389142768
0.04273056022558427 -0.016207161037785432
0.04035332866274215 -0.01904524104378278
0.04000808492477883 -0.018553738265931093
0.04005571347176266 -0.016282544571933254
0.03984320608575891 -0.018282828520635938
0.03892209652420864 -0.01696984281142983
0.04075942609945081 -0.013893275307019682
0.03859174762218085 -0.018596787288479116
0.04365899446254422 -0.012755010781207984
0.037202565109071085 -0.02148624548445792
0.04189277021734716 -0.02109488246607458
0.03724340351849582 -0.014463623447226745
0.03722627396787476 -0.014440355010429107
0.03720917597790907 -0.014417129912542228
0.04016055877665362 -0.01980774767754187
0.04069371416917859 -0.019408414763199076
0.03726400577636484 -0.01451667472028057
0.040522334774168826 -0.019166029120884324
0.03802192344671837 -0.0155999315031645
0.038138301377426555 -0.015767042875555498
0.03803878268122752 -0.015626206202639378
0.03850678695343712 -0.016294864345584473
0.03879938378524367 -0.01671333837445106
0.03728183586541043 -0.01454996694944261
0.03771816484285866 -0.01517335692861395
0.036811434545459924 -0.013881378734596815
0.03722997696981676 -0.01447934997692918
0.037213104734157475 -0.014456398365420349
0.04130861194485482 -0.008818409139717896
0.03724558725560502 -0.014320343803880775
0.042466563416462405 -0.010069813618864765
0.03836323536076108 -0.015729125618858898
0.037295755109424095 -0.014208957502414502
0.039396790690735095 -0.017205450869240326
0.03962197772637345 -0.017527924771002575
0.036281328664729405 -0.020924809116396992
0.03870164816294704 -0.016347071138090485
0.038617406621544184 -0.01622825302663959
0.03916917803993446 -0.015324421113699613
0.04051990563352977 -0.018917350744105367
0.03734162567661547 -0.014386553377400333
0.039777538034488275 -0.017861145736479025
0.04152351262892768 -0.02035275756824022
0.03947317535211154 -0.01742968513625223
0.040457477705592056 -0.018834724658276143
0.040017292335008836 -0.018208215191882406
0.038969174474213754 -0.01671487739604448
0.037298236401155316 -0.014333936464147708
0.037736836722798976 -0.014960487855229274
0.03852809390190043 -0.016089852392987956
0.03851680493054967 -0.016075046744849907
0.038435851068429366 -0.015960917329051152
0.03857894046797588 -0.016166206052154096
0.03805091385571525 -0.015414708200244619
0.038294596390412765 -0.015763388781784706
0.03883674865017784 -0.01653760321144023
0.038756500049722004 -0.016424462900759083
0.038857467798542426 -0.016569683129429323
0.03874753045262283 -0.016414212884706056
0.03817838868749137 -0.015604108260555532
0.03803302076104608 -0.015398155052171198
0.03796761717019066 -0.015306193792646755
0.03805589326976364 -0.015433296834907483
0.03788961238258591 -0.015197537733871424
0.040766449130213725 -0.012390040305097222
0.037452064259363815 -0.014469295403639424
0.04048736699583839 -0.01879741965916351
0.04192170102480279 -0.020844074169319264
0.040490211423669 -0.01880411794035067
0.04066643834722547 -0.01905670138950604
0.03945832605369446 -0.017335637639135357
0.04150216852488528 -0.01231669783612234
0.039327679254103465 -0.017029071057141517
0.045211964019234746 -0.0076878064698718265
0.04318558204680534 -0.010915430323532843
0.041978952708376496 -0.01242748439764216
0.03935005027681887 -0.016489495856343985
0.04029454536256349 -0.017835812283477952
0.03981042624464153 -0.017148628637701436
0.039927813306479626 -0.01731764001986435
0.04072860118834936 -0.018459458132741614
0.03999919453777492 -0.01742308098534216
0.03850992494537855 -0.018198198692991042
0.03817300852226771 -0.018699059903807845
0.037790696748254866 -0.01866777857422709
0.038463874820325615 -0.01541136599627239
0.038598439576323106 -0.015604731853891239
0.03927686813946484 -0.016572513798442445
0.035934073284505035 -0.015996539955482756
0.03675888519828515 -0.01788891517585496
0.03952658385850101 -0.017070064185061094
0.038245478080645184 -0.0187651028930474
0.037658423182890206 -0.018341746386132052
0.03850250042160867 -0.020812599820890367
0.03778897816536807 -0.019344776161404963
0.03885130134677965 -0.018834331852754432
0.037219833987728296 -0.01890254758951831
0.03728109595247775 -0.0178222462158889
0.03616678660407338 -0.0187692234126163
0.03670808748555033 -0.01965845804423544
0.035441388709661605 -0.017492435960257458
0.03550088600558317 -0.01882311511900385
0.03675835917399583 -0.018895937044331818
0.03690138021972427 -0.01856958558423439
0.03659740415601194 -0.020259571587255436
0.03627813554431325 -0.017715347247429833
0.03853887828047996 -0.01676866251620746
0.03634235448772795 -0.020338131786985823
0.03660061463303495 -0.021017722158222184
0.03877835958908496 -0.01731403020284681
0.03654091348952139 -0.021132825178496937
0.03919262308569751 -0.018009843737304028
0.03914905383873699 -0.01794803031584525
0.03691327523596597 -0.01720374703848998
0.037901192369751924 -0.01620453292088327
0.038349096625856054 -0.016843949323011156
0.038468288738489266 -0.01701436129376864
0.038488851305539674 -0.017044042466784443
0.03847995949526652 -0.017031696102788596
0.03929451998878737 -0.01819433940362563
0.038966134568643576 -0.017726078995622126
0.03877933767134062 -0.01745987524488927
0.038758592528297914 -0.01743060980308526
0.03846220091789084 -0.017008054338147612
0.03864948562873415 -0.01727560390744964
0.03847664961948751 -0.017029343412302698
0.0380422975605157 -0.01640999938749326
0.0391969762067542 -0.01805777195812802
0.03970511725401952 -0.018783173355246287
0.039416815564695194 -0.02046567232925973
0.038559818507664274 -0.019840865809343147
0.03897234190743462 -0.0208067095525487
0.03727800951103464 -0.01812913011812656
0.037807445694381 -0.01900864564654864
0.03726735606014163 -0.0187197385325255
0.037207352293853385 -0.018340313789326414
0.03747754882157826 -0.018775808974431433
0.03720028458340826 -0.01872081058305532
0.036926633119022174 -0.017997491416191943
0.037030199515155765 -0.018529647942424936
0.03672894389176666 -0.01868109707598515
0.03677277625908205 -0.01875670242931122
0.03714070506413778 -0.018399991962877425
0.037155617493823394 -0.018538559377347583
0.03727331567281859 -0.018578644829966382
0.03737731972073098 -0.01858274687813613
0.03735160445355164 -0.01869478817977945
0.03741552465360723 -0.01858626569627056
0.036818380409115795 -0.019401182097450714
0.037693062127773846 -0.018520229871898216
0.03781529209589249 -0.016953164584737355
0.036923606496257935 -0.018479863379132187
0.036537765419630726 -0.019160253567447032
0.036919889614556334 -0.018887846312569526
0.03690424485127819 -0.0186584706065706
0.03587866561872716 -0.01997885104768584
0.037886237666385734 -0.01672059420592361
