-0.011818397041049674 0.06166325341174017
-0.029967406623651383 0.061858974056042244
-0.013929122872735107 0.05496666667356415
-0.015667967924600006 0.05915536137141871
-0.009751126826066735 0.04659141258655363
-0.017205596519354653 0.05535476273418663
-0.02367244302547751 0.05159167928525114
-0.011440689375285331 0.059964239032914944
-0.01146820512302088 0.05052984433830477
-0.010172574884520297 0.04950198516318503
-0.011343341608176663 0.045546711894157536
-0.010056118505446899 0.04875554804023452
-0.013079155367179464 0.057637675371395115
-0.011350093352433543 0.057367426792089116
-0.010705805249386267 0.054395186860529895
-0.010380467428141575 0.04821989303462332
-0.012885041235583481 0.04501390377912303
-0.015632455131722726 0.046695564362788614
-0.010479858100458123 0.046939036401488284
-0.0029638608174606777 0.03864936295886084
-0.01117748356675026 0.04138458658342227
-0.012071174569599673 0.04984392009330699
-0.008431804085515054 0.04905849647593882
-0.008132870387213385 0.048334817743070864
-0.007608258220057247 0.049449925046918614
-0.007940459247059758 0.04573313428427659
-0.009207933063306493 0.0478531792540164
-0.007304990656728545 0.04392135529263168
-0.00855705874620572 0.04481082558536361
-0.00955702104607307 0.04511172621716616
-0.00934079454540977 0.04745283394556438
-0.009355548404370565 0.04742759381341576
-0.010153521781960294 0.04561680903448612
-0.008566695563916147 0.043435231582569275
-0.012413539620333664 0.04460868371349216
-0.007812346835897532 0.04574419998970179
-0.010997937905948992 0.041902200659603324
-0.011076283984433584 0.03739718200034026
-0.008231319721134429 0.04458493129924222
-0.007984773770835677 0.04580154935001811
-0.01062112956348095 0.04252253786956349
-0.009133854364430125 0.044698577709281595
-0.006682303718238079 0.04202019926577054
-0.007222502313286559 0.04231471676361395
-0.007542456124370203 0.03612209542328339
-0.004880274244563649 0.045441158629732914
-0.007067293713134075 0.038779315839003084
-0.004517714401317315 0.03872797071053762
-0.008668546880468793 0.042705396156769694
-0.008140445789726834 0.04356705524797313
-0.007605816362128487 0.0420526628657406
-0.00820890736608934 0.039029243430019275
-0.012007611458902768 0.03973988079950825
-0.006120850121687055 0.03380988510522728
-0.003983623213225258 0.036054590009435374
-0.007142456019788868 0.03013102379389499
-0.005652505842894119 0.04119648456555967
-0.007421283762893954 0.03782133149352614
-0.008018387401293812 0.03589282677386126
-0.008252046674352025 0.04103054844393337
-0.007348013406557721 0.03987520830892605
-0.003730761623735769 0.03931627116881927
-0.00853546616014422 0.03707745326080615
-0.008728298705342964 0.03822220670971672
-0.005525791865517122 0.04334538131743721
-0.010962730179017714 0.03730141954514852
-0.00904483986418103 0.037156224342822876
-0.00769397433834162 0.04023023789090572
-0.001181427727304074 0.05041258881495236
-0.006781946451193049 0.04085562719237191
-0.00773975061371467 0.04227197169904422
-0.008361461395214551 0.04321478805875094
-0.007496472765357482 0.04279005549903196
-0.00699449446254598 0.04313175034372047
-0.008564978034700979 0.03950397441004305
-0.005933635633194132 0.039044624900077755
-0.004880351973400046 0.04400524817922804
-0.008117275975490295 0.04163971909828336
-0.006612881562220481 0.04206792842619182
-0.00644915196493129 0.041193189765824915
-0.006330071222478024 0.0410803011511668
-0.007034926856963406 0.04212198256774561
-0.009194587520332191 0.041123063866089396
-0.007833392442253692 0.04198412786473334
-0.00867612020282134 0.041057615463803085
-0.008832805367831867 0.04050303084989523
-0.006979153778953337 0.04439755376422556
-0.0077735058260617815 0.039371191137767464
-0.011212692328361099 0.03848142366204887
-0.008018680204916332 0.04206543198711684
-0.009453941347191637 0.04290911800653457
-0.008082838196962601 0.04216842949401525
-0.007448562139067456 0.041332013206479064
-0.00862244673128899 0.04305419535825833
-0.008036920593586164 0.04228436922227863
-0.006522456698755255 0.04353206927827214
-0.00974710261866532 0.040698218952460584
-0.010786879865810745 0.03889696120138958
-0.00990810572982016 0.03754010258754618
-0.010607790738787279 0.0401409370162968
-0.008620147761976182 0.04174500910201284
-0.008675687428780356 0.04189196367848779
-0.008703609801766661 0.041998304600249954
-0.01008267868621453 0.04042530126053708
-0.008907764051357785 0.04246175309483784
-0.008758466479744266 0.03910405588969077
-0.009514611792444541 0.0388758979866128
-0.009852208358297657 0.0384966961681844
-0.011276179484828846 0.03918363403841316
-0.008407806744937638 0.042294414168049986
-0.008649241880992546 0.04092754423802543
-0.010071740365325302 0.03952469532209554
-0.009307909967494844 0.0417290567557473
-0.009239156501908284 0.04240432045183645
-0.008777201942849823 0.04116199496858716
-0.00748570743869113 0.04428656221216406
-0.008639270801891719 0.04130253578019965
-0.007809532585789993 0.04329826487120033
-0.01166350315237792 0.03938324818045013
-0.01032501820267608 0.039133896281102136
-0.0088810106690683 0.04140615196948969
-0.01062736154191394 0.0408519398086583
-0.009041476133207972 0.04121777155096146
-0.009126769491343518 0.04094099194124046
-0.008924863770359554 0.040580601232304024
-0.011300997569907321 0.03956147100409797
-0.009182858682149122 0.03904888597741189
-0.011470960816759747 0.039899006453126204
-0.011555346217123142 0.037888988812603115
-0.010909597006617821 0.03894897570222171
-0.010012046228242033 0.04154449135751366
-0.00952158554679349 0.04090542134154209
-0.00949971575427677 0.040942902700913
-0.009631283438802884 0.04120111461176172
-0.010424895577490212 0.04078170216938846
-0.010374754103318165 0.040871362705433026
-0.010482081357946194 0.03925591862065158
-0.010445993549917723 0.04175871295165039
-0.0123755434487279 0.037911938566206
-0.008888233477868084 0.04174529999537724
-0.010051876313911705 0.041435022762281025
-0.010223147632938424 0.041749248762021726
-0.011208682777017196 0.04001342901486572
-0.010646742938312446 0.04064971455178519
-0.00923985820944341 0.04117491695134874
-0.007623513786717824 0.04368052923159925
-0.010957124704739656 0.03979996525150171
-0.008978626393637711 0.04123516996904725
-0.010286186095689744 0.039960370843400914
-0.00939589190215374 0.04148038951218408
-0.009277430258742093 0.04079366499619471
-0.010205372502619126 0.04149151009260039
-0.010785823261009093 0.04147326041873251
-0.010523106931340948 0.0414622734315421
-0.010338758493768337 0.041414818385370075
-0.010207334355635967 0.04212979754273035
-0.010107230189902283 0.041658792118193316
-0.009563781842175448 0.040257551470383644
-0.011794622720378307 0.03962873016013216
-0.01168333619262136 0.03866993353001131
-0.008057211749115282 0.044675760225043146
-0.009720147784259937 0.04307369163937764
-0.01112250213790133 0.04060549839348208
-0.010545467204456512 0.0426172725399393
-0.010424951825008267 0.03987121579950397
-0.011476896593152474 0.04070368244191715
-0.00822305113191823 0.0406663863717572
-0.011935326891096793 0.039844205989767914
-0.010413365238911457 0.040891696391306596
-0.007107830423489073 0.04731615608312304
-0.00945956530377345 0.04214514794491011
-0.00847680349315426 0.04550749784956353
-0.00660642312950357 0.048990984810580014
-0.008829457173254084 0.041831074212310006
-0.010468885074679184 0.04276545393328103
-0.009185154695550564 0.04233123343152066
-0.007873095045697675 0.04601189004344443
-0.00965572605656295 0.042624596163053655
-0.010499840985467817 0.0412910786219194
-0.009391626801061108 0.04270693417554192
-0.01047582667812842 0.04235602773676244
-0.009812345336276453 0.043420313508724856
-0.0097376292443726 0.044271700706423646
-0.009694995475851181 0.04307107179622609
-0.010653093496511333 0.0427075012937051
-0.008548810030197385 0.04531904130466482
-0.008903165393133544 0.04463292304855875
-0.009268872136039687 0.04251270527766603
-0.010191208816412146 0.043156382825502874
-0.009667611657211066 0.042694332267267404
-0.01065616701078577 0.04276807057691999
-0.00997283495576287 0.04355221304227366
-0.009853539491308863 0.043597339442436094
-0.01035320817571476 0.0435162690832082
-0.009828627628011979 0.04364510883940609
-0.010723532026416698 0.04273350022633981
-0.009868605223169052 0.04372019621683155
-0.009943520417477307 0.04437050119341809
-0.009789101099392862 0.04400829569613673
-0.008793639850656768 0.04598711911307815
-0.009333793238826514 0.04478459548602096
-0.009155536018358603 0.04537638964134263
-0.0098794705764875 0.04443726506106166
-0.00986566456911406 0.04520387874335919
-0.009858629935077919 0.04501187348915262
-0.009051764972694033 0.04532312072932051
-0.009347576402009231 0.044898019835594424
-0.009006203918186377 0.04542624437786495
-0.009804756969549794 0.04404339140225055
-0.00921370813298336 0.04482042633852032
-0.008274960846512388 0.04652563016249143
-0.008766574760114929 0.04613238326106649
-0.00969710139584341 0.04516733797141075
-0.009521933023027002 0.04494057459001952
-0.009497178595678515 0.0447601086453759
-0.008526177304374908 0.045755459267551854
-0.008642139023004626 0.04588718645549422
-0.009109007309760333 0.04469560371574336
-0.008675222582771216 0.04646330709127615
-0.0078106414605262475 0.04482735194037242
-0.009085294474767937 0.045106596188061586
-0.00879415469484113 0.04547231153138364
-0.009305488887705953 0.04535984020184532
-0.009007838353786105 0.045950254233190935
-0.009018357250299865 0.045260057451493384
-0.004597826292989001 0.05224563896415678
-0.008467954551053992 0.046131027756335714
-0.009544383674895063 0.04513973662026951
-0.009370959339369581 0.043498030580583436
-0.008763781695074035 0.04688862381247618
-0.008225362820294862 0.04799194455234933
-0.00799144896022435 0.044553589807909445
-0.009342619694160266 0.046425838019346084
-0.00979573394134185 0.04543126138901385
-0.009644798742736226 0.046184702094477885
-0.006854318674893306 0.042893399795870694
-0.00978514658614271 0.044763043768231744
-0.008292997945900943 0.04712432402773469
-0.009696177082610818 0.045959295414891105
-0.009411105514123639 0.04629154208343367
-0.010224749215580788 0.04626907220534552
-0.00997409612908628 0.04590704650833318
-0.010482134444772697 0.04541084239903258
-0.009940324519413436 0.04643784635964647
-0.010277903775779093 0.04595437581504044
-0.009669290876189267 0.04557507291757769
-0.009812610594828516 0.04555424881388216
-0.00891696030927187 0.04570107649219279
-0.00936838770976166 0.044249028273521125
-0.007771223148451501 0.04666461624388367
-0.009913380709975897 0.04410696752362869
-0.008878961156378215 0.045493043207111894
-0.008732374480567915 0.046095611365017455
-0.009404623369338947 0.0466884087550248
-0.009334354589889479 0.04615858162644184
-0.00921545082534849 0.045973332416477795
-0.009473346379919888 0.044942947890356605
-0.009529748167799798 0.04638231841092741
-0.009357462730636404 0.04603231784655289
-0.00951499245818267 0.04626407290142513
-0.009299059097723697 0.045293296294996184
-0.008578881231695205 0.04692228866263334
-0.009886610813311356 0.04540439445193015
-0.009843095006659744 0.04625724656963996
-0.009403762118551868 0.045491229839258907
-0.00898275253617361 0.04662678469034754
-0.009571773884902037 0.04651970662997469
-0.008706531282432876 0.045407605657630454
-0.009665217033614325 0.045138694249617785
-0.009248980088296837 0.04419258999133268
-0.009613179939441828 0.0462429746589681
-0.009603250606799814 0.045344763574357204
-0.008286960497938914 0.047627246893085895
-0.00901198665341511 0.04510085987409065
-0.009447695159440946 0.044524630475485584
-0.008056151738381602 0.048034188634150286
-0.010074374415075922 0.04514330836032289
-0.008623698225413092 0.046726515459063735
-0.009492210501673605 0.04505805853149969
-0.007664650919540763 0.04757324347337152
-0.009358928589922145 0.04641336583184054
-0.008289422263626724 0.04619249066555489
-0.008857034143802863 0.04583107947675592
-0.009530894183559256 0.044915178687377884
-0.008590676696534542 0.04667815892730146
-0.009760124302556987 0.04540906552252242
-0.008321113464610662 0.046070871970527914
-0.007581861610076676 0.04763602993171739
-0.008538223911950584 0.047290993000743776
-0.008406372192957989 0.04250280393859262
-0.007997724759371822 0.045612616388671014
-0.008294875152774587 0.04522572385543732
-0.009582032008546178 0.046502294004957284
-0.009209608997970504 0.04706614210279046
-0.00671635986941266 0.04993933835702706
-0.00799364884596727 0.047123394060331024
-0.008661453825368457 0.04326179053385984
-0.009195084183128406 0.04548472848383136
-0.007795889231737235 0.045774117977679905
-0.007847836482059637 0.04681648609343577
-0.009034885924236808 0.04594161329704816
-0.009071098631512607 0.04575881632972553
-0.008614604725939282 0.04493011481417331
-0.00804284651024368 0.047806163882107955
-0.008662719416801882 0.04702172629520482
-0.008121432463878637 0.04769035853863196
-0.008481852621053932 0.04531146470200773
-0.009080649679522275 0.044544298399348384
-0.00870626979263851 0.04688450433778097
-0.009739074541344848 0.04550968067010271
-0.008157646638161839 0.04711369231371145
-0.009811003467098784 0.046340416730302085
-0.009955289632675177 0.045747130236281165
-0.008742647530426827 0.04692628219176951
-0.009095795941193708 0.045843027720329076
-0.008056489936220991 0.048073507843757794
-0.00837387840415804 0.04508976940618034
-0.008203850438483547 0.047027144630014624
-0.007679050158493922 0.046150082359060776
-0.007428586415611695 0.0468005486095833
-0.006507590889589965 0.0440645163201768
-0.008640968203715993 0.04407253530483147
-0.008385612390724285 0.04652157715593516
-0.00926809789551211 0.045347823930473714
-0.008249274974978064 0.04443469659618846
-0.008734856544864725 0.04465646546934484
-0.0064066700053713 0.043826162528299316
-0.006307570531051221 0.0437543915339402
-0.0058160289279468045 0.044280061766408335
-0.007676870801434308 0.0474641463550373
-0.005630289158125548 0.04923221435727625
-0.007281949670895262 0.04487007403236738
-0.007048235492402907 0.04427282624266046
-0.008200983837756404 0.04622882271596894
-0.006298896172300883 0.043171097178948466
-0.0061807538391965055 0.04313604270754799
-0.005748674208963838 0.04357880942684369
-0.00745483598320791 0.046675835153890566
-0.005808105811003027 0.04330843394910159
-0.007351487865040662 0.047281379415716994
-0.008298906949017904 0.04563019619156305
-0.006819184023951459 0.044410880194882284
-0.007642029921919495 0.045596885358368186
-0.00669787646640573 0.04567064595541244
-0.00655425071580741 0.04410632817385153
-0.00865147944755469 0.045610521116816884
-0.008157432020196706 0.04635523034907843
-0.006741901274106638 0.047222230458952255
-0.008761252259244939 0.043399623661335665
-0.007604459377666808 0.0447898821460795
-0.009373682614956809 0.04451245980179679
-0.007722547245892758 0.04665981385837435
-0.008096188569118102 0.04653361172051069
-0.007614895413936092 0.04546376969553466
-0.006808307952626641 0.04530295026567577
-0.006920724145295257 0.04714535366946164
-0.007102735773544989 0.04578165562859427
-0.008216045017566911 0.04489337309761513
-0.0075843225657258985 0.04600627299689109
-0.008297668254452209 0.04488478133604656
-0.007096837337964577 0.04510599149959965
-0.006545995174547559 0.04572323161505553
-0.007409957419450482 0.044849842390064884
-0.006864699575930944 0.045846090702197695
-0.0071381377545666775 0.04475273768575998
-0.0066713392218601016 0.04642556915754646
-0.007007954155144195 0.04518439515448132
-0.006992213838914204 0.04633002588813431
-0.007811041980761608 0.044556035771517476
-0.0075562054596882075 0.046149084857115705
-0.006977303821060656 0.0458238029177151
-0.008301762515303355 0.044855425621916474
-0.00565414192519721 0.04701675882932429
-0.007516909787271757 0.045351165947064793
-0.007631163649349954 0.04573911997193508
-0.007022351725323721 0.04575151914673227
-0.00786835551777463 0.04418585803438837
-0.00694582126352952 0.0460163421496088
-0.006905000983265277 0.04677215272729609
-0.006387532331103183 0.04612015908081858
-0.0074826504429653185 0.04638117414254866
-0.00650477036300879 0.04450708205568174
-0.007688327063331357 0.04621299105701546
-0.00697973963297155 0.045919244477623467
-0.00644395290472512 0.04645526164945466
-0.006009846050726809 0.0479487216428714
-0.007477936984463383 0.04398194647798296
-0.007650021921463218 0.044188968806244816
-0.007713818685766729 0.04470393850656642
-0.005589521514328224 0.04401789813462235
-0.007452259922705922 0.04538150286143117
-0.007173526334480827 0.045542425201848674
-0.007762618067836468 0.0463936591994748
-0.008102717299483782 0.04347628725565684
-0.007684128969257022 0.04460320991734966
-0.0070537648312503426 0.04520216828133125
-0.00607168889046999 0.048202174193014674
-0.006475155433186719 0.046616379262670676
-0.00795723132417083 0.04544827250361293
-0.007020754746578676 0.04619138089981683
-0.006878740444421793 0.04518968566059749
-0.007069590012831112 0.04546773012142443
-0.007391623082766236 0.04593462490104197
-0.008000457082240868 0.045575463737031745
-0.0066845692517928405 0.04615495734156612
-0.0067208796412436865 0.045355503360296645
-0.008194570419654677 0.04455857388596824
-0.0068077064779921885 0.045573196836915235
-0.007298337285123596 0.04568444020612768
-0.007290910742534773 0.045924722312275276
-0.00721530597844024 0.045652175118767326
-0.007591180167573405 0.046196913611046095
-0.008046285843046513 0.0445071157860401
-0.00768279298193623 0.04576955208699333
-0.007740154384927638 0.043984462213532284
-0.007215563261045561 0.045486324224629185
-0.00869690437124623 0.044107589276700485
-0.0078012688713523445 0.04465141749484886
-0.007538312687455871 0.045783700742683925
-0.007770636317100116 0.045011613905142044
-0.00755790643137718 0.045919552016104224
-0.0074499740870978826 0.0456346053974912
-0.00742834399347863 0.045684434109427234
-0.007081710745639708 0.04503880881373061
-0.007736210179672476 0.046059907663121256
-0.0073452362910626946 0.04498382347841807
-0.007677157838549311 0.045029864013462935
-0.008059660799479852 0.04474409318109013
-0.009550649728152647 0.043252464698939
-0.00771629382620619 0.04500290677846968
-0.007678312169849887 0.045681373822910966
-0.007679263724181447 0.04568725167819778
-0.007863088386660735 0.04595753324583017
-0.00796318669507213 0.045356345885679134
-0.007507844784325007 0.044874486589936605
-0.008085531648500024 0.04432856630598179
-0.007147448257462199 0.04666064482378994
-0.008989638800832592 0.04342341081830066
-0.00742962925869463 0.045530428182673305
-0.008449021252541421 0.04475616313207108
-0.007765167886918741 0.045613690265537625
-0.008349804296593138 0.04548765430484972
-0.00802269095798467 0.04446835282913581
-0.007810856918860237 0.04561151665310794
-0.007991146172333813 0.04510448516828874
-0.0077563304038911415 0.045516561939203656
-0.008282590467110326 0.044648520577616
-0.009257116553852132 0.044027805482578286
-0.009133792965133692 0.04407920772309817
-0.008125343992690028 0.04578869621088432
-0.008211335022645327 0.04591894450212997
-0.008293187281450998 0.04604314823637398
-0.008635340994218588 0.04526289547196111
-0.0077545289313766625 0.0455179992096223
-0.007939865063834822 0.045514216505199746
-0.008558188609550321 0.04566997222822148
-0.009376536819407111 0.044578574109196835
-0.008928868854146064 0.04432010530319649
-0.00653209551466748 0.0478032265787623
-0.006353817269547481 0.048275238413045804
-0.008094057521977548 0.04588139134473288
-0.00836908518471018 0.04628568682947377
-0.008552899154935832 0.045851186138852675
-0.00821031817038924 0.046042382090596155
-0.00823442310287685 0.046082435725545746
-0.007803458510276774 0.04629936390990828
-0.008922891024906413 0.04574058317549238
-0.007697428831909848 0.04670701133411805
-0.007142062198475639 0.047654585498214976
-0.009424840098977727 0.04428316175219411
-0.008492881282985447 0.046498510452154244
-0.00861964758632802 0.04668758660669489
-0.008540201983917304 0.04657696747961798
-0.008175309641774712 0.04605158828936641
-0.008309570623795252 0.04625148267353549
-0.008107059213814357 0.04596206588207807
-0.008211130529448009 0.04658730599122374
-0.00812379008372206 0.04643670281890132
-0.005933330524477408 0.04901150018353572
-0.008020045169247543 0.045682636548370674
-0.008370911232028296 0.04658083236704664
-0.00812952428275514 0.04623440620362246
-0.008179078414850612 0.04631060779948093
-0.008477226063644348 0.04525494830719982
-0.008146387691580105 0.04610968580113529
-0.007806385386801016 0.04573155065173441
-0.006590175414575439 0.04859496189156755
-0.008960164078908362 0.045014986330238156
-0.009403826889309642 0.04476650537615259
-0.006577402859581268 0.047415509803628596
-0.008457330974541205 0.04676907787077878
-0.008331528673128172 0.04659023269150301
-0.00819664527545599 0.046398197972520525
-0.007895754821569363 0.045964931739540506
-0.008159348809692693 0.04635196255175012
-0.008059792896437039 0.04621126521740677
-0.008405782694696187 0.04643255688481871
-0.006452434648345063 0.0489067721737721
-0.007177732689477748 0.04762985837107623
-0.0066994293803902885 0.048400385870995107
-0.0066481240598488455 0.04915927979063923
-0.00836102264135459 0.0471571342032895
-0.008402238926389288 0.04721984808737497
-0.007942490237367962 0.04655490883299134
-0.008128955741372165 0.046828584619319207
-0.008018040427791216 0.0466703357716895
-0.0076879938240294755 0.04619387891764743
-0.008270617858341928 0.046526420647208036
-0.005762275086988674 0.050220398071926936
-0.007905001098516272 0.04739957037135827
-0.007990582253333229 0.04685692559558046
-0.008030143818552585 0.04691670274069077
-0.008302202168430745 0.04731392473696635
-0.008111904687335572 0.04699645406730885
-0.006949153433316183 0.04840727639514956
-0.008094988121187165 0.0471101522556118
-0.006862404220916257 0.04871399565688876
-0.006511718927723531 0.04949070396332802
-0.008167115187506704 0.04675162436414474
-0.00901312831713517 0.045823512108093184
-0.008360295678008937 0.047638112405776145
-0.008304671026901205 0.04755918300087955
-0.008389687434363271 0.04768435129833869
-0.007574732718445958 0.04783427792352993
-0.007912066716138078 0.04703397063208958
-0.00827778963989449 0.047566433815655125
-0.008860312504609736 0.045934442626118455
-0.00835726941437103 0.0470364963182772
-0.0070117726615624276 0.049158552478716026
-0.006934470114949891 0.049368419559551686
-0.008429992138597731 0.04791952346708084
-0.008125242792018554 0.047478605233234515
-0.006952224787237204 0.05011451707528664
-0.007506177304384093 0.048723755117741414
-0.006525712051750093 0.05027700549330548
-0.008089637620783461 0.047761742937425196
-0.006739167474753735 0.049951254055711936
-0.007390755484048422 0.04873682858833107
-0.007746063015879739 0.04792700225245989
-0.007397584103373026 0.04864187506292945
-0.008335593557963478 0.048358264900548426
-0.007636640126775516 0.049245647890041225
-0.006628683106292941 0.05031219958978821
-0.007932838161820912 0.047955755996530146
-0.007649066101776659 0.047544667891316464
-0.008088330891823732 0.04818099643363661
-0.00795396790427353 0.047986356937423875
-0.0080057293686823 0.048061326322237995
-0.006160237237329384 0.045388465793166716
-0.008126077357159416 0.04823560953187063
-0.007976717123937762 0.04801928870014337
-0.006229820847221367 0.05045813698045589
-0.008176013594288264 0.048482821656675196
-0.007756727264462532 0.04841146256795098
-0.008202990794900196 0.04786545952375536
-0.00869016012446042 0.04699992962192752
-0.008586555621349475 0.04775561093464134
-0.00844005893513455 0.04804993101334862
-0.006809154724604667 0.05027994512715396
-0.007608053312489458 0.049204562628089886
-0.00796051885034446 0.04895269683199602
-0.006256463277622233 0.05111308779344056
-0.008048759467593338 0.04883674407928748
-0.007975885362591452 0.04838025033789461
-0.008085047242288788 0.048537628420065065
-0.007640548405249998 0.049056594458402845
-0.007157882231841839 0.049620267236383596
-0.00922379550302712 0.04714964820033626
-0.0071944671674890855 0.050027052792283956
-0.00780691763136004 0.04950271829419004
-0.008685594636404285 0.04838185536524781
-0.00851618369212986 0.049249730541002436
-0.008474822456876979 0.04918898548053779
-0.008342727594498122 0.048168193172981426
-0.007059520723064024 0.050825774068565574
-0.008074719327165922 0.04894363879381688
-0.00850394142160573 0.04835046091229039
-0.00759324374053551 0.04933516430605562
-0.008078312060530677 0.048829048269960255
-0.008413892021505175 0.04810925696420978
-0.008330900286003107 0.04882859369736883
-0.007797501112112893 0.04934368217836411
-0.008050276001862035 0.04899800165777901
-0.007858433809211357 0.04913993651604165
-0.00805972088646761 0.048700963411799005
-0.007815063262486748 0.04896965342223761
-0.007993281968289443 0.04935174930134945
-0.008399695117452618 0.04804714229095231
-0.008480042862074835 0.0479533402811648
-0.007534831490345907 0.04872296982534129
-0.008374039354267119 0.04755867538543885
-0.008402933772740663 0.049140862356766124
-0.0077820156134498246 0.04890601548506558
-0.007680151727642064 0.04836496611588193
-0.007979370050711669 0.04854821581913087
-0.0076897613846294 0.048401442526191024
-0.007560648965244156 0.048862621058548245
-0.007838464506301391 0.047909420617511855
-0.007699106673682692 0.04806369589236568
-0.007159272086446025 0.04798206397119139
-0.008168465322194243 0.04813259490582459
-0.008111486710095069 0.04874825462882126
-0.008585864275596412 0.04943637239904044
-0.007909882325509694 0.048504854519646395
-0.006904320550268482 0.049848363281155
-0.00778691605399253 0.048359844608861446
-0.00732616224723968 0.0492161695864639
-0.00784226850314444 0.04885748969171888
-0.007317565939960565 0.048245597164064034
-0.00819234854719855 0.04705438076314874
-0.008390480482490073 0.04831631386024375
-0.008514538408341913 0.04820101414692857
-0.007862747632159389 0.04841204880735486
-0.00821075294978089 0.04891698692566731
-0.007067906257114553 0.04936555854408663
-0.007192078744131803 0.04813832940455061
-0.007083847731623471 0.04848709993231833
-0.008150471419932978 0.047513569014165216
-0.007345142855625793 0.04649628100973293
-0.007243094462723948 0.048056557922187944
-0.00684338447045093 0.04798336503232096
-0.007635390909973967 0.048261821338618
-0.007734854197110139 0.04810902736423737
-0.007639965660961454 0.04875348392026795
-0.006566260842092887 0.04847939687924106
-0.007840586046839793 0.047192908316052815
-0.007648839668454447 0.04628145673897069
-0.007372085804747992 0.04658819716498082
-0.007282036982365308 0.046846228340845966
-0.006977895462782243 0.047630341094410444
-0.007793700537285853 0.045912480886632044
-0.006958691567741015 0.04703739781087852
-0.007337012404154322 0.048918984055450934
-0.007489586795366944 0.04675380196908602
-0.006419364265622062 0.04908461882726367
-0.007134620085897807 0.046943968212824615
-0.007591281760308134 0.04702300124070136
-0.008489136136712308 0.04572959120978233
-0.007434382857620413 0.0467792483958691
-0.006938415022404429 0.047832188400898326
-0.007439051298906047 0.047683420898461726
-0.007847106953121625 0.048276642862829795
-0.006963502395963036 0.04931419135408158
-0.007384641085443883 0.04735336516972708
-0.006886733369137849 0.046928307533109774
-0.007645401517257001 0.046177763598811254
-0.007041520171532239 0.04629279098135495
-0.0072924704693571275 0.04745079842385872
-0.008101906284164578 0.04461358890623039
-0.008078906810400372 0.046009668666569505
-0.007429831442320334 0.04551460088457535
-0.007603290739614603 0.04769363845578645
-0.00730407316726162 0.047257730481808674
-0.007349824880369031 0.04732403522454764
-0.006965237947234398 0.046763933891471154
-0.0070906358370986956 0.046946184779387556
-0.007517147934690085 0.04645836245968333
-0.00857308887047769 0.04512598228927005
-0.008838735057402295 0.04398755104647163
-0.009401639987290301 0.045276509541363724
-0.008609976302888026 0.04559506881968034
-0.007963165990292195 0.04807940788541745
-0.007152508233481337 0.046597725875161145
-0.007328485573712841 0.04634568336145101
-0.007338066800535329 0.04685657105097353
-0.007810651746936701 0.047545523716344
-0.008713086106144574 0.04656804095486499
-0.008602742233115303 0.0461444806684062
-0.008246125388494247 0.04594078225024067
-0.007732489341607354 0.047267411422646545
-0.008038247382093777 0.04771374638353484
-0.00822200714683409 0.04798220302817033
-0.00793206783119086 0.047560169910214604
-0.0100685289246654 0.04546867598118237
-0.009891360833871675 0.04405029245762707
-0.008058795564854426 0.04747475796237654
-0.007422194408272897 0.046547472257662585
-0.008170009284433241 0.04763891566798414
-0.006176939462775789 0.0447339831153862
-0.00785220602210231 0.047177532311497065
-0.006265446857007351 0.04486527276964812
-0.006229028169423906 0.04481330277614678
-0.006192715596773152 0.04476148964013135
-0.006156508676289547 0.044709832652800985
-0.006120406947892551 0.04465833110961664
-0.007719215212132304 0.046989664301830596
-0.007885425331400865 0.04723289875290733
-0.006093505116961435 0.044622467138589444
-0.006057702590344467 0.04457140379783517
-0.006022003332782115 0.04452049296991364
-0.005986406898443564 0.0444697339728327
-0.005950912844058552 0.044419126128658185
-0.007440768432166228 0.04654349899704735
-0.007306024921277761 0.046394439287075
-0.007938207776512928 0.04656801405565664
-0.00592532504272135 0.044367237942768215
-0.0072588309091567785 0.04631122843796037
-0.008836040335877584 0.04514611242849073
-0.007869002755245168 0.04610034232780972
-0.008295651514693048 0.04536782382320601
-0.00776478858507852 0.0458153955009184
-0.0076565962232891735 0.046022255665941925
-0.008589060862993183 0.04613873446171589
-0.007723428830467679 0.04675372560409508
-0.008609993401262724 0.04534602707170919
-0.007266834463786013 0.047508295105033835
-0.009063130426344254 0.045260724728533035
-0.008516186604525711 0.04564733253412639
-0.008209129857970739 0.044899542685015975
-0.008606632873442922 0.04458793516602518
-0.009745392905863135 0.0437850725421415
-0.007898142671798265 0.04660858238934697
-0.007625799237248336 0.046212703777819115
-0.008018988827566687 0.04558180044118088
-0.00814538623051828 0.044014681613574136
-0.008338147850354635 0.04444822213170333
-0.008671293335600804 0.04451484723373124
-0.007931048888234376 0.04453861822718915
-0.00913943648464767 0.044619425707490036
-0.008440195721361206 0.045640952576960866
-0.00859241653100719 0.046135434679244934
-0.008363249708067871 0.04690582644196956
-0.008322253864678702 0.046848219314513266
-0.007979035129872991 0.046348543320585696
-0.008211197055529617 0.04438027258162502
-0.007791226195647761 0.046027223259020734
-0.007916938682236611 0.04621358899129792
-0.009018358198435519 0.0454078412094324
-0.008860586469902995 0.046203101947283894
-0.008844042857552158 0.04446127924019069
-0.008613886755414527 0.04473724515934687
-0.007933143387087671 0.04604611890467721
-0.007515475018574172 0.045437457502204404
-0.00855980154884338 0.046968712178144585
-0.007811679102807535 0.04587639390029649
-0.0077884556391229175 0.0442077295798678
-0.008306985795732446 0.044037260238446584
-0.008773753826715363 0.0456667986018557
-0.009454255485289366 0.04490001449488121
-0.008173098480323595 0.04549992077994666
-0.00933310897157335 0.04467263599895661
-0.007622615551125955 0.04533432418623646
-0.008414245380736797 0.044337263075402644
-0.0068494630441711885 0.044160235545222956
-0.008693081315075853 0.04579144346638081
-0.008604098816409455 0.046713896906566146
-0.008348216908138757 0.04475243753774049
-0.008684563847441679 0.04476003283499526
-0.007947194193987641 0.04658788879331972
-0.009215659420677685 0.04397455669763828
-0.009107880272073703 0.04534443826084272
-0.009047684816425339 0.04569918730732852
-0.008492196306799654 0.04604144358298342
-0.009477840019069815 0.04439773896877123
-0.00861654962439221 0.04576046491460636
-0.008201553731608687 0.04584727425968251
-0.008881461575342173 0.04551034689101225
-0.009202908714130716 0.044281474856734164
-0.008716546972607635 0.04447069684206844
-0.00813270552965968 0.04452464983469808
-0.008719683287613751 0.04478233242954143
-0.00824654040129837 0.045049547617561976
-0.008516363031667938 0.0456186459078849
-0.009144599884207271 0.045558267096965796
-0.008261842563039818 0.0436564793157712
-0.008058738158883774 0.04537464403422271
-0.0072258563475426025 0.044155210325916565
-0.007771219382812716 0.04495986004296696
-0.008471878956456706 0.041889650424393535
-0.0079227814762348 0.045246301691736865
-0.008527534691190893 0.04400983046424622
-0.008076295537446954 0.04529718142308773
-0.008452962314881938 0.04379479836855604
-0.008458382799812304 0.04474987273215065
-0.008210700109493707 0.045440210005197865
-0.008109573164480301 0.043068606552827876
-0.008726262244440184 0.04266856887376634
-0.008570580365306927 0.044353678401312505
-0.008754694720936311 0.04410944167509149
-0.00831995040309251 0.04230426719334846
-0.007884328345248869 0.04482435071320247
-0.00759741645740634 0.04430970062665669
-0.0077581115537079075 0.04455023460105895
-0.008806077608573923 0.04406034668529925
-0.009125781231818742 0.043286472111335
-0.008689839856538772 0.04330493918370208
-0.00795351945541745 0.044345392788093456
-0.008944676348633577 0.043655637711379695
-0.008153446698890576 0.04428976205327499
-0.008642562420838919 0.04413771281488349
-0.00936779768826075 0.04375690927376761
-0.008279039186159609 0.04502820540421111
-0.007554933931821357 0.04396655888849696
-0.00864168031101417 0.04408614836845391
-0.008583166276378121 0.0429224074250795
-0.00813577136015535 0.04373894962220256
-0.0073446092930786275 0.0423665444283752
-0.009397290842487199 0.04250659597847638
-0.008560727634523101 0.04490424458861375
-0.008399043144048771 0.04432968118824265
-0.008027369134467385 0.04446495723394581
-0.008332371949020617 0.044919057712661525
-0.00889897136389657 0.04389308363304728
-0.008502983485766473 0.04399573427631222
-0.00755834680430333 0.043730742914839575
-0.00777304926228585 0.04405194010626076
-0.009294920921921 0.04337546362044232
-0.008837567694374934 0.044243963682355454
-0.009548531463785636 0.0428762420798429
-0.008821995636398728 0.042743999841843065
-0.008068542728581716 0.04524152945731532
-0.008193549748291286 0.04450251072346421
-0.008200602362061882 0.04451780486147808
-0.00881855449166186 0.04397293373863662
-0.008764470672012603 0.043408595776161824
-0.008918877045182377 0.04333525989551647
-0.008818513852099013 0.04304544789961679
-0.008019853072718356 0.04411705627446389
-0.0087123031491843 0.04251284087627948
-0.008725937701275796 0.042638229441471005
-0.007970212408857043 0.04395640656193911
-0.008276864384036188 0.044414345410946944
-0.00879912162557592 0.044089222601705065
-0.00843365104271163 0.044633958115377695
-0.008079324428370265 0.0441158154896891
-0.007619163093850817 0.04239264131709961
-0.009130498845446611 0.042600370767851975
-0.009486713724049581 0.04240332805620398
-0.009017297964226489 0.043437607213832656
-0.008453080367903792 0.04314342237405372
-0.008581572556314681 0.04466809324488672
-0.008530145747299264 0.04368988327843529
-0.008754927526661271 0.04362892347607821
-0.008743482316006464 0.04384002502059471
-0.008602857321865946 0.04357635807507312
-0.0080759952709675 0.044607930443905965
-0.00915194584518503 0.044160589948643775
-0.009052964823180212 0.041464269304137456
-0.009334859587605708 0.04329920602786105
-0.00885593677545045 0.044107627293766
-0.009044137460102075 0.04415033510618958
-0.008985992845585981 0.04439776173441799
-0.009679876533403138 0.04369289067862955
-0.00904048784727127 0.04402315787475816
-0.007532256369785949 0.042854039915947655
-0.008592754042780999 0.04180166503834457
-0.008474385606544635 0.04269024028600273
-0.008426555614983646 0.042622320961968996
-0.008750795674108348 0.043096587365774625
-0.007665034119650728 0.042428300990546425
-0.008828535423638416 0.04278902019412308
-0.008350713264852552 0.043172959678135635
-0.007357710807502302 0.04244012246928307
-0.006960799231945602 0.0418577473015976
-0.0069311656108474885 0.041819627267386736
-0.007781895693833933 0.0404935779519986
-0.008299628786504787 0.04380916088249543
-0.008849928984627133 0.04320876482809056
-0.006538095851129312 0.04223584758994393
-0.00805647114345308 0.04277732346111185
-0.007123638591674158 0.04206876909904805
-0.008124977864046418 0.04355863249547635
-0.0077385145189776605 0.04299153954065466
-0.006813636025664848 0.04162662776531654
-0.005435931297490299 0.043562308357722505
-0.00955145704064025 0.04263871423425803
-0.006993636315872607 0.045333407011978515
-0.008285739564428322 0.04536417259195733
-0.009383670633357336 0.04298274149791225
-0.008028583086249623 0.043521030277927954
-0.007787136869169389 0.04316877023926738
-0.008675956457036473 0.044491163034449506
-0.008763041669152465 0.043778684200448295
-0.007178943815576622 0.041026341420186456
-0.006736847014047564 0.04159456525800873
-0.00756794952805395 0.04029887091255423
-0.007118589414548734 0.04087807691437431
-0.006915063631671728 0.04109751903590274
-0.009605340216591924 0.04255606168425635
-0.007312508118970128 0.043965812774388
-0.008430381327751623 0.04402392578293421
-0.007898858510888888 0.04324126526934887
-0.008051320965522636 0.04347286128257133
-0.008130133157002962 0.042770176436717794
-0.0077203998538312784 0.042977686203623855
-0.007919751770356856 0.04331785663330891
-0.007507938386823726 0.043184678582431954
-0.009323169467204365 0.04112149836604142
-0.00849476430530668 0.043363814032133005
-0.008171281509212605 0.04108682589253138
-0.007928474644554654 0.043189955897680814
-0.008038538150564708 0.04372318391678842
-0.007298009758171587 0.044193555412458674
-0.00786960627919379 0.04316204411005413
-0.007952163136490642 0.043290034521906565
-0.00817458626944448 0.04362549339537791
-0.007799589063079354 0.043074665241644716
-0.007837587640114597 0.042820185671506555
-0.008441694514930471 0.043312686029404676
-0.00949697548715126 0.04165886142725046
-0.007703325366862946 0.04172468019710594
-0.007959941376210575 0.043227137062876494
-0.0071819489256970065 0.043938915010057145
-0.008202980322000637 0.04363340324129381
-0.0077378540558557625 0.04294854060954949
-0.007679932794184182 0.042868059446042266
-0.007263855904569323 0.041975750099508526
-0.008055108174749017 0.04201827697090761
-0.008943513535769642 0.042044598861398684
-0.007602437933448269 0.04300378611303217
-0.0075383839175722145 0.0426105141872715
-0.007988843542868194 0.04271706441943129
-0.00814129409855079 0.04219312136077036
-0.007559440274927965 0.04262374515253116
-0.007197169298937397 0.04209140427602943
-0.007485182652703457 0.04252450938186187
-0.007885125074245563 0.0431237145783261
-0.008172735790968168 0.041977907500954134
-0.008276664618778214 0.04104387644847564
-0.00813245475752251 0.04048418496626491
-0.007940002792054139 0.04309706362661345
-0.008497808176874263 0.04229838735784425
-0.008587212275621826 0.04245659751399854
-0.007216214301074281 0.041980315454120676
-0.008148332283050105 0.04085641643407245
-0.008685249500669153 0.042773426436168965
-0.008826255506318331 0.041558805579383844
-0.008370938668114128 0.04152850668846914
-0.009582068887295214 0.041242683105095206
-0.00875588951368737 0.04275376631866644
-0.008347541006887275 0.042581009629748416
-0.008611796082212932 0.04318362536155084
-0.008312909842870782 0.04301326553182056
-0.007778381189805778 0.04258524025226483
-0.008119597062260299 0.04212297426203414
-0.0083935170419934 0.041886440704031774
-0.008352581269141388 0.041475387414766564
-0.008116882960866191 0.04203606980284937
-0.008296905377910673 0.04212966516988557
-0.007965847391263034 0.042250573610128954
-0.008380995769763852 0.04339127765155711
-0.008578562644415191 0.04242775724052599
-0.008203536239083013 0.041860385486588186
-0.00870751222475583 0.041533542081489364
-0.00781796445297986 0.042491455598276384
-0.006093329459295139 0.04479647350258605
-0.007564877762908779 0.042214164336282806
-0.008506959942640495 0.04231303021670389
-0.007990540500454594 0.04175328453103899
-0.008691303272624703 0.041116136125302655
-0.00808783155680117 0.042924166296962225
-0.007812157708600986 0.042519934527857205
-0.007669926897802848 0.04231420635670777
-0.007493014102952874 0.042056913435290756
-0.008187135326354667 0.04088504691371165
-0.008945879807308361 0.04239057687771686
-0.008925024099081757 0.04121378095075146
-0.009141984017021857 0.04214422380628682
-0.009313048398051459 0.04029757775645359
-0.008283207810258982 0.04303045608199533
-0.008473020299681274 0.04331891371060689
-0.00810950879706871 0.04278377695603983
-0.008420345367673486 0.04206397828376139
-0.007607444222331131 0.04222681575665285
-0.007586725141805592 0.04200618932918695
-0.00797402231978062 0.04258860153651857
-0.008024146546323229 0.042465256766425014
-0.008533492147488692 0.04271535192080925
-0.008459053350570471 0.04113719093469413
-0.00901640566732107 0.041641274063997154
-0.008536484328283139 0.042357419142143936
-0.008241750909556457 0.0429088103218597
-0.0088638566336275 0.04274241806563808
-0.007291101940315942 0.04302853183316242
-0.008054961884133044 0.04265608894188075
-0.008180904066770264 0.04284956177054436
-0.008622464251929847 0.041213683411052346
-0.007961821678585536 0.04249556959070749
-0.008840152676745108 0.042567769954649406
-0.008790590698505853 0.04341629103782006
-0.008675304121968897 0.042435617599149426
-0.008650401620204275 0.042354423285921206
-0.007668939537972375 0.04301977027995356
-0.008214490754375659 0.04285893708356898
-0.00855850435750903 0.04271363393017594
-0.008958912663835231 0.04201990287822817
-0.008661525475775946 0.042396169579014556
-0.009268806989765123 0.04129638999909989
-0.008937516054664894 0.042021221725104044
-0.009291052721991346 0.040965166734009545
-0.00792086826336157 0.04277334787949253
-0.00849371985278267 0.043126927185160556
-0.00825225671478063 0.04229075368653411
-0.008574383752678742 0.04325116990650523
-0.009151801950285919 0.042496663562000485
-0.008657568938076858 0.04335974982231612
-0.008563145407406067 0.0429952017363203
-0.008551824376013565 0.043209940732440194
-0.008516404386524434 0.04316300761070478
-0.008243909650865775 0.04276225992112751
-0.008671853491008073 0.043406817250327655
-0.00828100051510788 0.042829461460463986
-0.00915299173477267 0.04237774470079822
-0.008739691008162997 0.04171084179881695
-0.008794590516567592 0.04247459451266351
-0.009005011331876972 0.04207143881533159
-0.00954946974229632 0.042007085561511656
-0.008359741899566038 0.04283065281536798
-0.008793279357770049 0.041534387641051135
-0.00862765947133259 0.042368874970319235
-0.008211203112014459 0.04258014076301163
-0.008713701270149643 0.043336749659951525
-0.0083367245569491 0.042779643222329376
-0.008398129522774167 0.04287733427289354
-0.008762682840105385 0.04342774232380913
-0.009293757920712247 0.042041813839448924
-0.00929204988275423 0.042776255043653545
-0.00956056179983491 0.042597405466973895
-0.010181170491630344 0.041064836715944256
-0.008900430554762223 0.04349750215156984
-0.009107845681646697 0.04381343989830207
-0.008593952984368321 0.04305162703624205
-0.00893386608201761 0.04356547897307807
-0.008647325030332213 0.04314339288411724
-0.008945310331499074 0.04256099719892423
-0.009071679225623755 0.04252132637853128
-0.008928172525936369 0.042574714220612736
-0.008778678150400872 0.04248941558705389
-0.008596184677588159 0.04302972806009599
-0.00870207348622979 0.04319394635173741
-0.008850410477669381 0.0432952895049546
-0.00915527109406132 0.042597520334335545
-0.00849073047892599 0.04287293612435405
-0.00892721423786302 0.04163385991703151
-0.009079621847582573 0.04183825115194504
-0.008818104115083755 0.04262740395336296
-0.008691384302989134 0.04239466792138433
-0.009113854574358992 0.0420296124220501
-0.009033370365375734 0.04228556505109437
-0.008672105324442318 0.04305134612013029
-0.00869896581291911 0.04309753825624835
-0.008773080332862162 0.04321435491977403
-0.008388330703747105 0.04264522047764582
-0.009422361112740994 0.04153151389759743
-0.008546724917704555 0.04285086919289173
-0.008167980878451237 0.04229068722378085
-0.009139326479431607 0.04177229021685782
-0.009599618448797384 0.040877687448605086
-0.008338215717344513 0.04298050979765937
-0.0085996329357501 0.042879294226405754
-0.00900591475727462 0.04349281176788082
-0.008714052919709886 0.04306244914358739
-0.009419199966570344 0.041529589822719634
-0.009850885373301565 0.04134419060353878
-0.009566160905420795 0.04226503101704714
-0.009853160725855683 0.04133920313259517
-0.01024029934986452 0.04091561547477843
-0.00888896012432126 0.04102354986313174
-0.009895235338636807 0.04093468103636239
-0.009306988939438978 0.0425515051222324
-0.008605532587674027 0.04141179121058614
-0.008537536057851458 0.04186154537041487
-0.009288083399566967 0.04216378774498214
-0.009554419582441378 0.041056016499773744
-0.008486072969484507 0.042343369859134845
-0.009593162680802627 0.040073738283168
-0.009498949900064968 0.04059088985936566
-0.009403005075998366 0.04014586995253663
-0.00862553414067565 0.040421429789918285
-0.00938118309359042 0.04230398912154023
-0.009330213565132004 0.04234611015568961
-0.00865623488109048 0.04177812640552938
-0.008724380242946125 0.04181010349894541
-0.008484846142029637 0.04077401348322424
-0.009043889013525921 0.042408173233472
-0.00966987081099509 0.04135993478490855
-0.009621469632028392 0.041133146159980226
-0.009350506603581214 0.04069217105977981
-0.009251435131335174 0.04170584302847765
-0.009027565670390567 0.04244370583197801
-0.008941474509997568 0.041750960576189315
-0.00912224515412641 0.04154904157530302
-0.00916275731007128 0.04271201948264368
-0.008719522786705914 0.04189715860482511
-0.008977899192441926 0.04137921628547453
-0.00792989271742836 0.040279211186179324
-0.00914475553228419 0.04121299082382188
-0.008405078601739295 0.04131409613874192
-0.008702393614529107 0.040790106267636385
-0.006802144093575258 0.03859179628479986
-0.007314607781758239 0.04016019049243128
-0.006546680360677715 0.037989103917948235
-0.007035597356114624 0.040411356236981985
-0.0075812527316359915 0.03955678858810148
-0.009382744469778095 0.04174243219585838
-0.008355344764265516 0.04171199265404646
-0.00821047785828056 0.03858441544819194
-0.00837064165112177 0.038290052259806626
-0.008708337881519543 0.04329473386510747
-0.008486490938206002 0.04055282019089416
-0.006475909588571166 0.0388207540736503
-0.006073821036705056 0.038223313633546654
-0.007805710098660264 0.038844141713772554
-0.007397260384382579 0.03937616693438652
-0.007510655758960071 0.03915062369076044
-0.009573668965847056 0.04152409355280166
-0.009108481315204215 0.04181502603465836
-0.008934460861918356 0.04130217063204661
-0.009155644257222411 0.04154497734691254
-0.007062157365508058 0.040961431606615493
-0.0067164349627726605 0.03783344352090047
-0.007013109423237224 0.03843693570080172
-0.007508462944529833 0.038930189970527086
-0.007975657371609827 0.03819188403877209
-0.00889714745144392 0.04087850997189239
-0.008402146330302033 0.04157441600690037
-0.007055013225266379 0.03947310888451805
-0.008227723769964541 0.03794068226585018
-0.008695238270883978 0.040302340707467334
-0.00853380711815894 0.040794918457463934
-0.0079472769637642 0.040831122269777864
-0.008639496641988114 0.041465234223342744
-0.008360014344166602 0.041083590042537955
-0.008069336109111471 0.04102304789003415
-0.008210220230745127 0.03999249134990913
-0.009116515890341032 0.04083779313703121
-0.008284749102819795 0.04132204098526622
-0.009137516594825732 0.03964027828302329
-0.009231960075518037 0.040007943508525
-0.008488739483167838 0.04063144627150899
-0.008261240231646339 0.04121360347950978
-0.008058759529359631 0.040915360194695105
-0.008483598647368244 0.04156210071991384
-0.008665852727146624 0.040627676482389456
-0.008258948248328585 0.04121887144533533
-0.008558923897549621 0.04104435097897781
-0.00868035215320651 0.04143096271911012
-0.008274477322697808 0.04016073877633261
-0.008214149087192243 0.04002912471914469
-0.008318323621481946 0.04083259064928158
-0.00778794013190021 0.03951804324783045
-0.00883298787769088 0.0411595683779271
-0.008378903612821068 0.040360350841499
-0.008264224794949091 0.04118842948780437
-0.007865169086379489 0.03976326095572887
-0.008516597314598102 0.04156990277204253
-0.008701812529086405 0.03925724592723967
-0.008425959407680903 0.040011409188117575
-0.00833589459164151 0.041258392632391276
-0.009487261767574513 0.03935116765972288
-0.008416175836766817 0.041338654689456536
-0.00844778673538427 0.04034696853249312
-0.008221281865091003 0.04104291694333014
-0.008597296175766343 0.041616437920183984
-0.008482693580261947 0.03973632919755041
-0.007814082821318647 0.04042407306292365
-0.008086799502649152 0.04084191689342079
-0.007881122040873986 0.04053867144764877
-0.008328921756739696 0.041220303606174645
-0.008345330275225509 0.04041573911931853
-0.008417038069490318 0.041354223658758835
-0.008434181352228247 0.041386740905930995
-0.007999509184270582 0.04073836414631672
-0.008396802726137988 0.03961519387326514
-0.008068553250073739 0.04083044467738435
-0.007793856651386474 0.04042316553283047
-0.007799826903326483 0.040438862913258516
-0.009119903074052865 0.03800982644212642
-0.00824283121785981 0.04105522036771
-0.008863817809566426 0.03754936516646113
-0.008031564855759196 0.040685450511219516
-0.008432431688564244 0.04129638061933012
-0.00801538633830379 0.040674534318248676
-0.007863960756701718 0.04045305017843897
-0.008717324821896332 0.03976296191982255
-0.00817809589931557 0.04091095764955556
-0.009360551117555564 0.03903843188378695
-0.009298884762145583 0.03860600246445335
-0.008120656331324446 0.04073392733531185
-0.007991091993882236 0.04054537420669214
-0.008117748884472512 0.04074306195986765
-0.008199206423410628 0.040872585406178503
-0.008297758036541031 0.041027847301362816
-0.008664796541565519 0.03956255791895816
-0.009032597812304857 0.040015110755272455
-0.009069549820219791 0.04007645391444077
-0.007847533981552465 0.040286165325861004
-0.008413655006984811 0.04114648303025101
-0.008080439510850947 0.04065083611647918
-0.008673198407569716 0.03994036537433152
-0.00825501490202418 0.040904303268328085
-0.007927917029526263 0.04041786067124513
-0.008092573505148403 0.04067282538757614
-0.008338288113711066 0.04104994581329018
-0.00882671859524614 0.03977584375430523
-0.007895868994246526 0.0403674110811495
-0.008501815977517226 0.03893664292413113
-0.008074269895262446 0.0406162383302293
-0.007605207678887622 0.03991571846332799
-0.008508921677305312 0.03992677012523732
