0.033969536535506425 0.03205846311949947
0.03355540235749709 0.031473921558119726
0.029325259035157317 0.025504950448252114
0.031696886041258775 0.028851058860725903
0.030783027500059464 0.027561588849989153
0.030818624161276075 0.027611813609920623
0.030385202144118627 0.02700029594871395
0.03134569868377944 0.028355510102543127
0.028046803170339994 0.023701577817373524
0.025928331796321195 0.02071385271076749
0.02827629568908571 0.024025277538447274
0.02851394278301227 0.024360488138463865
0.029836900053628945 0.02622673929682182
0.02930021974896781 0.02546962781701106
0.02934850418718848 0.025537742207816645
0.025264867091710278 0.01977829146778641
0.025841341791461903 0.0205911832171945
0.02546066958043193 0.020054388830220916
0.02433633783231126 0.018469063470418313
0.024086228627251762 0.018116429377362395
0.021895476588240897 0.015027995466998534
0.02398879952250122 0.017979064383603704
0.023811269502205506 0.01772876864433596
0.028508853808234477 0.024353309844132785
0.02508758347066869 0.01952831190768202
0.024132045552539096 0.018181026962800845
0.025796959770382686 0.020528598059472106
0.026274577561978686 0.02120212429292504
0.024179476491075505 0.01824790045620312
0.02403263244258423 0.018040864123472097
0.023496708670945114 0.017285286466030014
0.02268395726039169 0.016139492611212693
0.023462804708105828 0.017237487899307832
0.023805798750193646 0.017721055616463456
0.027307544855908458 0.022658908439723974
0.023695243286722352 0.017565188071993823
0.023488995678748355 0.01727441250342158
0.024907566038806193 0.019274482062014098
0.021945747614700997 0.01509885868661498
0.023249672419473445 0.01693701268496622
0.022021484853100497 0.01520562026544113
0.02416984330491444 0.018234318477773574
0.022996047184785463 0.016579457996667674
0.022912836376227735 0.016462151238171872
0.02283277197051517 0.016349280975053674
0.02345648119401207 0.017228572884187165
0.024542279613382303 0.018759431428690312
0.02289284725003775 0.01643397162334072
0.021887747658075853 0.01501710061310546
0.022645758966386008 0.016085643837018656
0.02257850798014117 0.015990839447578307
0.022513498742458636 0.01589919581912912
0.022450621003120504 0.015810557476134243
0.022389771624714744 0.015724778975440442
0.022330854018144938 0.01564172410993102
0.022273777631059123 0.015561265186846557
0.02221845748349828 0.01548328237273438
0.022164813745756306 0.015407663097953024
0.022112771354042902 0.015334301514516525
0.023352779837021147 0.01708237341315621
0.02215033081887493 0.015387247199004677
0.02158903975209729 0.014596041604195507
0.02199952668672353 0.015174667274730718
0.021953493263350395 0.015109777162566672
0.021908718389651534 0.015046661391081139
0.021865151149392206 0.014985248166558635
0.020960382688231555 0.013709921064994812
0.020613491653240248 0.013220982493424708
0.020678329160338328 0.0133123690819686
0.02142675779444257 0.014367293316996247
0.02139187947641262 0.014318130191846383
0.021357875221590307 0.014270199253096208
0.021324712580372794 0.014223454750441292
0.02129236068976331 0.014177853170783834
0.021260790177574214 0.014133353103136601
0.021229973073485165 0.014089915113195503
0.021199882726395926 0.014047501626790538
0.02117049372755694 0.014006076821484699
0.02114178183901313 0.013965606525666825
0.02111372392693666 0.01392605812454011
0.021086297899464267 0.013887400472462709
0.021059482648687806 0.013849603811145585
0.02103325799647582 0.013812639693255515
0.021007604643838964 0.013776480911011864
0.020982504123565587 0.013741101429399752
0.020957938755888663 0.013706476323654406
0.020933891606957702 0.013672581720703772
0.020910346449911698 0.013639394744277797
0.020887287728364456 0.013606893463420335
0.0208647005221291 0.013575056844158946
0.02217933589528882 0.015428134313457386
0.020328252275059737 0.012818951612387476
0.02086603510843516 0.013576937939062424
0.020844561493124775 0.013546670975950255
0.020823505289990538 0.013516992405844506
0.020802854445534247 0.013487885236328215
0.020782597365918032 0.013459333123052556
0.020762722895259697 0.013431320339130208
0.020743220295147212 0.013403831746251652
0.020724079225290973 0.013376852767406074
0.020705289725243815 0.013350369361104236
0.02350529135435834 0.01729738654954887
0.02090827149947146 0.013636470097921122
0.02088833514997825 0.013608369803415525
0.020868752080123155 0.013580767502151437
0.020849512982061006 0.013553650072293156
0.020830608872076554 0.01352700484899314
0.020812031076596377 0.013500819604670969
0.020793771218920017 0.013475082530301516
0.018941711903553152 0.01591081124917081
0.02060892008341919 0.013625271765844433
0.02059288898125551 0.013599116610792022
0.02057712184835208 0.013573394687242753
0.020561612219274213 0.013548095319636735
0.018727872098870644 0.015968058527056215
0.024738068960830133 0.01984971054847122
0.026326313482472906 0.022090227248541507
0.03261811887523104 0.03210734561805506
0.022497793667316232 0.01565015781363689
0.022106840091765646 0.01609171931199995
0.02311682093128651 0.01781060651938351
0.02223019875064692 0.016016105763402528
0.022077010759763153 0.016142869378466772
0.02200634461066645 0.016160563263909914
0.021873062852094807 0.016263237563607962
0.02148801489321044 0.016704148704824343
0.020916723774346602 0.017395886258506903
0.02086550640056399 0.017392590022646863
0.020896280029687082 0.017280498883038547
0.020519396237550436 0.017715819469610834
0.020884820388023306 0.01715710149842839
0.020027784753226703 0.018238771455673715
0.020267003855796363 0.01785119371753312
0.020335770479260565 0.01769309997543763
0.01922538911006197 0.016678237174523918
0.01978885557587153 0.018118615347520427
0.01916415845701786 0.0167840102142378
0.018185139666242578 0.015433475788974657
0.0185717536541665 0.016401265425856976
0.018645235094568606 0.017538166789224083
0.018952830003981 0.018183921557972983
0.018678535907707478 0.018501572759913276
0.018439358312290075 0.017603544949007295
0.018592752399449387 0.018429734302354738
0.017435518264441233 0.017509454043652155
0.018774150170093054 0.01791144723222831
0.0178431289245164 0.016978908117706595
0.018405784838407234 0.018163201391705727
0.01801544305866561 0.018645904021028815
0.016914970294533815 0.016935806179108365
0.01655489402894386 0.01649033809941933
0.017433073566055446 0.018819714237791087
0.016600537978273277 0.01691999930940761
0.017510179603141756 0.01842864854217413
0.016141805381783173 0.016468134386309622
0.017288695457824046 0.018395314798212454
0.016184695830500022 0.01649561250816285
0.01703558853281651 0.01843993552652195
0.016697004364906187 0.018867920543070727
0.016885834568742108 0.018577905560400294
0.015898221451756955 0.018323636629706555
0.016997221868859085 0.018255868902911716
0.0164671763146379 0.018947395196949907
0.016691790055641628 0.018610524560078216
0.0165043013349369 0.018835917680398485
0.016540536858456537 0.018756574856691705
0.016572104540911948 0.018683919264653976
0.015752436122162258 0.019773110175744037
0.015346051097454199 0.01731863428823913
0.01627191989724512 0.01881242766210531
0.016999414751233746 0.01779128067199003
0.016370413790388477 0.018623775985474645
0.016113124197238225 0.018948806115572533
0.016412250936203757 0.018513654105989163
0.016009069384731227 0.019038819329846964
0.015315575074840868 0.019961376942899657
0.01533842440282648 0.019904876246876535
0.01586720485317537 0.01915664073728389
0.01534254239356376 0.019849525761575323
0.016317662437630005 0.018490894707999375
0.014415820069033278 0.01831173918907749
0.01453315583671879 0.018741662581399778
0.015023451082891806 0.01826830407740043
0.01489943509855136 0.01994110854071843
0.014451825368951366 0.02053341545925957
0.015629503453699515 0.018898321907436982
0.01545872513707208 0.01730011952263281
0.014753707902633622 0.018294767937601618
0.014749215954708664 0.01820990950450255
0.015586451364701558 0.017128504957823493
0.015167907753945477 0.01767286707117587
0.014775605156355922 0.017148261205441506
0.015049002085386856 0.01643028346342189
0.014678160941495872 0.01598481088711299
0.014600034027915001 0.0172789282917547
0.015342104477874827 0.016485750152362692
0.014631764456886418 0.015286089580601962
0.014269225767754804 0.016186510532401492
0.015128374385773823 0.015866345561521493
0.01420212646760422 0.01750922937232976
0.013801749801897793 0.01727257221387987
0.014827475990023906 0.016162459635582632
0.014388518231925681 0.017016754440529608
0.01380093540317042 0.017626611374913913
0.014081073759466151 0.01724375973326276
0.013702526914079029 0.017681293371425284
0.014641502017983163 0.01618448068762964
0.013341600623586348 0.01769314689946329
0.01452840886024543 0.016114524962642013
0.014592300943776823 0.0161510328175351
0.014534259493033535 0.016017056619830106
0.014459172980608405 0.01585965818174389
0.012270286368706593 0.014819180008799043
0.014022837736720887 0.016086256627310017
0.013532579189698503 0.01704880444661142
0.014106958930462765 0.015466383509792273
0.01312725827692453 0.017319758867230545
0.013231788191073965 0.016933666245055597
0.012500918186638406 0.017547729164898385
0.014148122823880893 0.016544453403520305
0.012896634277565783 0.017360531784767513
0.013629779412330284 0.017639022707471204
0.013448743532920464 0.017819445560922745
0.013866338284086295 0.01719064074122093
0.013569117777341126 0.01731468103874191
0.013452201601087548 0.017639448179806717
0.014268454672914497 0.016498222368011167
0.01320207149435611 0.01786997224367961
0.01335021097243407 0.017863377435372252
0.013442986331264905 0.017790114995301212
0.013398718534638216 0.018766741117113142
0.014715952370905037 0.017467915778044192
0.014283102388242451 0.016804827978491862
0.013104136175897802 0.018510220415437078
0.014008975263460585 0.016495150115365256
0.01474110425920749 0.01747624217953406
0.013617506634648604 0.01898958196124032
0.012906178833759949 0.01846597604859028
0.013390933029186246 0.017556600016966527
0.012862635080879616 0.01826370406141594
0.012459622973387423 0.018497128241984778
0.013235937596810791 0.017269190294948437
0.012433695086803287 0.018130826116483825
0.013583090696088795 0.01648768147420994
0.012609720965636645 0.01763387675284899
0.013468576346850015 0.016352946021591205
0.01332139458540876 0.016091301625763523
0.013034501703550007 0.015631818658155605
0.013208947049864228 0.01582746973359779
0.012485114560908546 0.014748803461267543
0.01256992661339096 0.014818080860676219
0.013776037961502155 0.01647888386484839
0.013125825433434043 0.015505916104758054
0.01245857701598284 0.01656458725705074
0.012588434943627883 0.01627964264760385
0.012214913598307856 0.017054506500138854
0.011769769644270659 0.0176780084746621
0.012051869261197062 0.017216438177772145
0.011902277233741642 0.017237279732315713
0.011978402605495047 0.017486897323852637
0.011151446342364264 0.016175866865063022
0.012690666024713077 0.015558130355946786
0.01056564938158818 0.01517108240394975
0.011870855628612648 0.01757026511706228
0.01173031487762729 0.01432123954029767
0.012926163662672336 0.015979058611328617
0.011586915364605738 0.01401480774244134
0.010519215488443208 0.015534370431872939
0.011569858703746522 0.014040301771569254
0.0107784702030712 0.014783191300645142
0.011235181344052774 0.016682646427689594
0.01043782829267505 0.01563654531123535
0.012189708011106547 0.015121948205358044
0.011059458335642118 0.01656652099257832
0.011060524852060685 0.016476175324598913
0.011712816746715947 0.01686056711937051
0.0112498860231105 0.015988792465617258
0.011814287181495287 0.016832036521221682
0.010400263691625194 0.016092238910877157
0.012405977668224339 0.015824220065462948
0.011904879052966442 0.015052964677529116
0.010965838205274483 0.01526179758525165
0.010744142923147949 0.015303667481942725
0.011595221478481427 0.016692300400149258
0.010290466746723747 0.015271529260517584
0.010825964267818922 0.016636282461679044
0.010583548440582296 0.0168157951922186
0.011290932618204094 0.016912302235378308
0.010546406227671503 0.01573090467090692
0.010780583928501132 0.01630761198784355
0.010881459771304341 0.01649069646754115
0.011581485920023261 0.01515276727434363
0.01091260846272914 0.016937792481066333
0.010811733381177585 0.014066752996990476
0.010012875245731884 0.015005623864483598
0.0102717552470798 0.015981054040874722
0.011605281010672269 0.015284798857524868
0.01060476574561922 0.01623890904290091
0.01083145150352313 0.01573853246071772
0.010743888987621058 0.015539836863610514
0.010513872017502892 0.016219694201254638
0.010367820957178173 0.01626662589320243
0.01076532722558831 0.015693634232707383
0.010774401956158593 0.015633449057970202
0.011219788423361955 0.01501972035807894
0.010321047727713311 0.01590256957249147
0.010165736361521151 0.01637432368020728
0.010599980452163506 0.015675558817116138
0.010877349485962445 0.014385643075625319
0.010974112159846509 0.015307284321470842
0.0109497490953548 0.013507965355109681
0.011401969314952281 0.013886508881253323
0.011078977934334143 0.015230145440231808
0.011449548736438539 0.014447446939431235
0.010829856619063757 0.01528538230712888
0.011128872606297354 0.015627212421430663
0.010803753878974531 0.016067460665317022
0.010894838409489772 0.015940801732621666
0.010326368488155381 0.016856641579684643
0.010940062327556987 0.016009453280266556
0.010895569797816059 0.01622157003573284
0.011649630620500439 0.015319297317825083
0.011250807457852743 0.015850954835226205
0.010876636891391034 0.015517606949214722
0.011119098271647709 0.0159120302051332
0.01062284732327965 0.015612899049165489
0.010578509573854264 0.015621727358145937
0.010216150855294079 0.013556188207744435
0.011166646502286335 0.014795897319747842
0.010368658766104521 0.015866252199859206
0.012333835076074972 0.018780025844377195
0.010936260186488453 0.015074068466196317
0.010193545179474432 0.015631177335779622
0.011270766853199683 0.016491954073991136
0.010471991094685017 0.016378462647410347
0.0108047067998058 0.016022880347994577
0.010447133412242553 0.01663742041375152
0.011292629089271054 0.015660177302798065
0.010252601572703347 0.016316172021299414
0.011095273312562092 0.015678261092181355
0.011027987193858686 0.0159189241024782
0.01093348826393279 0.015968745264732038
0.010563619357241587 0.01577304723706547
0.010728783110382582 0.01617547226771225
0.010898993153420328 0.0158102147907447
0.010860944458041305 0.015919664208398562
0.010493227868488213 0.016344606368838815
0.010422374612923379 0.016496722960579243
0.010821290465894707 0.015832911939709243
0.01002567911368475 0.016739662304608688
0.010691877022978344 0.016916670814445676
0.010665930314576952 0.016922970636402756
0.01022585939179354 0.016147384512206476
0.010023293477611373 0.01601974913552427
0.01051481771991035 0.016155012193584988
0.01030944752003193 0.015677401220201396
0.009885837728770705 0.016288696000725602
0.010887091775328926 0.015327808327278866
0.010978066115033247 0.01597000872597139
0.010738303379585873 0.01527113311947835
0.010090020130225108 0.01592749104909275
0.010302487651186283 0.015581492272677657
0.010323325564846603 0.015593912268513498
0.01069878197373177 0.014986307446080203
0.01079967240389649 0.015919843650607786
0.010278457218890697 0.016122794318826766
0.01062888833015718 0.01573911654958201
0.009895071646335712 0.015049997862018853
0.009384956423942475 0.014914061092244451
0.009820388308767256 0.014771611600820739
0.00996799761875406 0.016141838407017935
0.009974973391565651 0.016064661886190497
0.010082073589579712 0.015913975219941003
0.010054079099739436 0.015815126306221162
0.010106725692348106 0.01596831151829326
0.01055897859360433 0.015784835643147685
0.010302493282651471 0.016093527600737175
0.010462169918448859 0.016000645057156135
0.01017880972705765 0.016480004132798588
0.009965115451375553 0.016822525427697303
0.010409561156680259 0.016156080627843062
0.009072775767020525 0.014790477463400856
0.009520157706591878 0.014695410906971712
0.010163299551987236 0.01550214892186948
0.010181771744638198 0.01530649915020767
0.010381431348842 0.016090478064409303
0.009321916630958901 0.014511251942344127
0.010408521440886373 0.014500349486069344
0.010003867270550292 0.015614660017908188
0.009671333267237917 0.015670846821862188
0.009229343239281223 0.014638855917560933
0.009547026073436144 0.0160365909317195
0.010157887765270107 0.015053800037991807
0.009118645088589249 0.01643749940844042
0.010517062904982964 0.015080201568898385
0.00943785145913401 0.013466295760033085
0.00976039626513591 0.013895061518127902
0.009312237750969043 0.01345020142832783
0.008402850773133543 0.014204804707808818
0.009057589542656974 0.015516295303148145
0.009805144105012641 0.0160666242517226
0.008550002785436312 0.016474504608306986
0.008324706065618874 0.015543456114808852
0.009762585615598868 0.014164095220886781
0.010137613158961282 0.01817626578113119
0.00891979633293671 0.016720635462083255
0.009822498862913394 0.015939678384366822
0.009966305859870293 0.01662762152888645
0.009606397936173199 0.0162750943540269
0.01032648206567912 0.01714673150850126
0.009968123519632471 0.015966951737273603
0.009904519647734653 0.016069205447905067
0.009353362034913042 0.016834654232973555
0.008116996263858546 0.015534231828890455
0.008517998017442876 0.014739805876955591
0.008348654886770312 0.015273428340906952
0.008788929309778752 0.015102086157961806
0.008844522319745585 0.015818049966324726
0.008365689391057394 0.014837754107518851
0.010391958443373319 0.015682917331727244
0.009553512649851518 0.014418339970873864
0.010479191677184512 0.01572839724272322
0.008752390491721282 0.016438103980698993
0.010599691116076613 0.015937273751723352
0.009349669651935667 0.015266932939635281
0.009718299702693382 0.014611797481549785
0.008906640015987023 0.01558517873894166
0.00880641174863022 0.015722298637276574
0.008644592023587994 0.015695440593267322
0.008994310821610431 0.014481251435188467
0.009425626355140545 0.014264367401108313
0.008540623710842216 0.015293901927266528
0.00843018218780487 0.015840392676988037
0.008119084157354618 0.013683154535941442
0.007949675275011362 0.014788034247855866
0.0086342355766604 0.01597014852867401
0.008440438807158451 0.016438044714667123
0.007370699441970414 0.015221961087949055
0.008064829558856455 0.015947729967469383
0.008545757329972092 0.015810142433580556
0.00786932923135555 0.014643940146316892
0.008431250834823855 0.01592035975823171
0.00896518954961958 0.015335878710233558
0.008391339746422815 0.015067371297044078
0.007947068297164475 0.016304932871300797
0.00792754501484111 0.016907536239623638
0.007421674909857741 0.01480683402473872
0.008217401936006542 0.016195527679523473
0.007563998480066306 0.015136689666582609
0.008805341302353989 0.016555179235585023
0.007433462704360293 0.01526392627937691
0.00802376947907766 0.016915063665846202
0.008393609516925792 0.01664499989998216
0.0073017061433271364 0.01550928750610474
0.008334054337591835 0.01667440022448243
0.009317696165556562 0.015348690322792168
0.009338223863851993 0.015338134518925498
0.008049411216373467 0.013406818166865854
0.00797299935461789 0.016600290233158007
0.009503341891974009 0.015568625206889453
0.006602827368150625 0.014185597916257465
0.007280719281217088 0.015793036242292568
0.011732277559326255 0.022452531829063975
0.00842529668563922 0.01671526840627081
0.007421651560541371 0.014034621711723849
0.008495598821118075 0.016521575409561517
0.008446293204530804 0.016605986885931505
0.006992175600738749 0.01505565653714726
0.007757107678042122 0.017467769518011784
0.007511800155901138 0.017820183202776167
0.007243129462603271 0.01585893674721565
0.00804490215758609 0.0170506416872074
0.008592732709542193 0.017761225099625185
0.008385522664718915 0.016665570348427156
0.009102958781391318 0.015701665474741045
0.006893626056758525 0.015360212121742413
0.008361749335725359 0.016781038823821905
0.009187545001781672 0.018703635168245435
0.009375743081610663 0.017974309130599907
0.01028343963360749 0.01754619298113953
0.007171157576471081 0.015034147919339668
0.008452645513331974 0.014833856153428124
0.008963322805513504 0.01603645203384959
0.010631882366452454 0.01798165906500451
0.008443098551481155 0.01644976192741035
0.011933192279592107 0.02398690828668808
0.008676654319228002 0.016992086678146303
0.006273315666724198 0.011631795638644653
0.008578430001444707 0.016888223063959717
0.009811505128697056 0.015216921991736874
0.00897546082178721 0.016375783333043313
0.009291204068870854 0.01595905573829476
0.009310343654160265 0.015947997377237053
0.009329405360671535 0.01593698367249885
0.008643045892451358 0.01689108584961509
0.011038915262251347 0.01844153353086089
0.00874008911336075 0.016936173676333453
0.009232643780507591 0.016276509726748264
0.0094276691999563 0.016024023536920114
0.009285232128805975 0.016233462326947425
0.008979303982795683 0.016666706590756232
0.00877083667280912 0.016966494203231847
0.009134868135433873 0.01648235064171402
0.009232916100869732 0.016362321616279988
0.009015747840853147 0.016673890504757566
0.009485166702400336 0.016045151678828397
0.009451650021439459 0.016105102235702103
0.011566289716468416 0.013222632475233864
0.009600229844519878 0.01592952468812741
0.009618140348461413 0.01591886978958907
0.009635980327460684 0.01590825657610017
0.009653750197192501 0.015897684803514223
0.009671450370072337 0.0158871542295881
0.009689081255287224 0.01587666461396357
0.00970664325882857 0.015866215718147145
0.009030333428754499 0.01483111005579274
0.009015923200722043 0.01477382221791555
0.008891601761519466 0.014554384485992423
0.009710213729912815 0.015727375824025322
0.009727556263184745 0.01571731150658782
0.008486421322127487 0.015854034655628475
0.00922980820080529 0.015570467716397062
0.0107362225932226 0.019606057269194385
0.013467465632771935 0.019153919576928122
0.008772425859314953 0.017712434662639064
0.009106403489050814 0.01477528596698499
0.009881078775128605 0.015884802560693898
0.01031453989512478 0.015304372460051674
0.009926851627252814 0.015847629154233496
0.00994347804571037 0.015837535705970317
0.009960041417536305 0.0158274802404024
0.0099765421006004 0.01581746254353499
0.0099929804500695 0.015807482402977743
0.010009356818432655 0.015797539607930643
0.0100256715555271 0.01578763394916714
0.010041925008562434 0.01577776521902182
0.009479961123785413 0.016559492593712415
0.009844093357400623 0.015465594899525143
0.009478692339269764 0.016568104426622425
0.008993418614738504 0.01724473594929715
0.010052088145481912 0.01580755344086127
0.009071001381180784 0.014325378696619068
0.00861135206030975 0.014890049657906742
0.008925017202295332 0.015718067932222354
0.008509449609667678 0.015739289437009158
0.009630455290169905 0.015166537028939456
0.00974980562557562 0.0153096617298682
0.009694543335115784 0.01519512557021047
0.009687767133407023 0.015152295127079747
0.008907653162729848 0.01607983517675798
0.008683575826772802 0.016460611717486008
0.008897137271802608 0.01635347730624799
0.00878193303968977 0.01690082270576367
0.009511755057174266 0.015859219670370142
0.009008858689809923 0.016938250396175206
0.009864352555246815 0.015571176832566043
0.008028369247966918 0.01571062954328376
0.00826748012299653 0.015629493569261344
0.00820081671708817 0.01594896448992422
0.008182872296730436 0.015501106909683962
0.008771001613223986 0.01594299914386357
0.008809826518448164 0.016207881409547185
0.009013409034579301 0.015745112652219524
0.009554987485504166 0.015287101416783916
0.008941278482906372 0.016207695912621743
0.009359903938547779 0.01655177948726085
0.008930358802431568 0.016704523663402956
0.009096756610814822 0.016498449475868475
0.009710159560768697 0.015564392400432541
0.009543044321158857 0.015284337975155056
0.008831340582522922 0.016251096086757393
0.007914124367644031 0.015010755005532802
0.008766509313397796 0.015526890466717925
0.00800543635111879 0.015212975537276395
0.007843898094767236 0.01507401346297965
0.008271576784377054 0.015844727386535144
0.009056333314077696 0.014675626941855615
0.008659447531100865 0.01544253755379673
0.008995275372977457 0.014865830280000181
0.009023657101852472 0.015096380766530465
0.00868244816905721 0.015288781919858267
0.008911042846937934 0.014918357213567534
0.008707403028511737 0.016057661213993563
0.009303255833197245 0.014754204707036681
0.008818998683598306 0.015974250931490814
0.009390883487131059 0.01508776832118344
0.009267166307680036 0.014872396409345397
0.008590724087901718 0.01603762652593472
0.008642338417836922 0.016175186494246582
0.008730507907564626 0.015809282235165367
0.008595691881449362 0.016340558050520444
0.00894918107461143 0.015885614420516534
0.00867389541650329 0.016197822772019317
0.009413887842678435 0.015193092585200274
0.009414063804796318 0.01516208729514005
0.009493835996715423 0.015249684869408989
0.009389979552918242 0.015529907403554224
0.008647488628977722 0.016367672982266553
0.009128499855022695 0.015964261824612327
0.008349231815540436 0.01510595084893287
0.00867190312174619 0.014609658523190192
0.009192853051989977 0.016114108973661903
0.009411896134086092 0.015113055007241338
0.008993630495223748 0.015863058223086986
0.00933211593951473 0.015792335205500743
0.009014081855266979 0.014072615036878755
0.009516372501548218 0.015086895418318563
0.0092725797598879 0.015640570296434193
0.009358389094615088 0.015078860247717008
0.009083536803365986 0.01565223231150024
0.009281520659200243 0.015481782630886195
0.008867802342726947 0.016267185286495827
0.009149993503221952 0.015885864151593567
0.009171511094784373 0.016196405117263328
0.009256353700561737 0.016167471991357738
0.009830150698264633 0.015626857025487075
0.009176288015593429 0.01635711689964834
0.009249920054667331 0.01591851333892368
0.008540182927259872 0.015627848606470672
0.00865143853982439 0.01470588971336745
0.009685751755523402 0.015605241943237511
0.00907297393714913 0.016282089031011776
0.01134016628717794 0.013102683423389197
0.009345429956899296 0.015873068926513342
0.01015620893330742 0.01471101581467642
0.009365965910020015 0.015914272965656694
0.009445745111244951 0.015863003255985966
0.00960053078362578 0.015898049338050734
0.009943103808741909 0.01576514665693639
0.009067698602554436 0.015436882510193376
0.009491518143116445 0.01615721025191543
0.00909879805899178 0.014822575223417263
0.009370494376352675 0.016090325730111443
0.009832774346885703 0.0153684933776731
0.009414031898957658 0.015909846452516207
0.00943536089271336 0.015586519404199962
0.009536757909141939 0.015826209603622302
0.009550964233153473 0.01582248100608999
0.00939605624871361 0.015615902645646697
0.009280329258482035 0.015942774214912993
0.009520243118939405 0.0158429169468671
0.009678995257472957 0.015877775317361852
0.008920166507680535 0.014567086944871816
0.009481470543221078 0.014772722338810213
0.008893444582544747 0.01386284789520575
0.009173147432810037 0.014254131129697213
0.009069553702749814 0.014070846948665101
0.00911164787042103 0.014106055264513603
0.009238680339349601 0.014268643548028799
0.008733856660358705 0.013484387609314235
0.009147152569601313 0.014076122569770146
0.009366804267138958 0.014377693453660195
0.010588366833675422 0.016180380753144277
0.009301535876601607 0.014225047476640839
0.011756847436962849 0.017875729817557817
0.011541586960410103 0.017525732559820137
0.009960555193268257 0.015130390460016019
0.009973922078079978 0.015123281673369578
0.012988751745785771 0.01333871020999052
0.01005025522761527 0.01502979865898606
0.010714573498655964 0.015997230456326453
0.010901477664522685 0.016250255333494102
0.010934985260589586 0.01627381664361419
0.012222992399632966 0.01817420576889632
0.01124008075068733 0.01642117955891723
0.012697503827194983 0.01882511161688271
0.010351246930554893 0.01528897730888841
0.012618951921709321 0.012196960293452887
0.010431057001179113 0.015199783072399662
0.010443494089303349 0.015192711026537067
0.010455893725615183 0.015185660202006398
0.010468256079012533 0.015178630503432185
0.010320820250226929 0.014932852041408675
0.010345984373573872 0.01494512730652541
0.010294293184334549 0.014842632242688857
0.011086106827230694 0.013784350912281472
0.01121684213241355 0.013436274699750237
0.01027593350645013 0.01462263153426649
0.010268581480625068 0.014586919844655979
0.010570400497259734 0.015012794148279404
0.010125977894364762 0.014324830960707545
0.010377073298338124 0.014675091428915822
0.010441154987660812 0.014746277596487358
0.010568847841460246 0.014912444389077358
0.010056291747223528 0.014123352645549214
0.009686076186340934 0.013546841276493905
0.01072052039880268 0.015065979220184713
0.010692890447622302 0.015000646516195352
0.010745221031613949 0.015054662904760338
0.009919953978395199 0.01379985292362532
0.010853675393972088 0.014885305522869402
0.011310231848704298 0.014198891941933765
0.010913250645861149 0.01477991856029767
0.011949638890701697 0.013305321241994643
0.011041263323357543 0.014871985387930197
0.010822577365247105 0.014862956651873142
0.010943810945929546 0.014950786927063836
0.011038231600140636 0.015136119925241965
0.011106529613656744 0.015190484002495987
0.01101361641696641 0.014836118341016467
0.011019434788743383 0.015532478112165972
0.01122329206484843 0.01532567925392015
0.011320017979220647 0.015446952774754403
0.011272206075826489 0.015352821006939923
0.011210046207948037 0.015237383734541657
0.011210055974875068 0.01521468497274728
0.01123980957285584 0.015236379283185672
0.011199109053211701 0.015153148226844377
0.011133622332419674 0.015033062602365189
0.013449682725486918 0.012371221559893945
0.011299756280458128 0.015095126413942658
0.011336002227440084 0.015126989236146748
0.011320056110683228 0.015081202668026978
0.011187060464194971 0.014861230437747137
0.011316631709409481 0.01503221239306157
0.010536164781810036 0.013848664625217617
0.011179132032050381 0.014783926821522011
0.01111978370341797 0.014673895906031428
0.011043443103175857 0.014538655704177622
0.011026261103946038 0.014491524941395557
0.01109103900244931 0.014566408555634621
0.010999057000439495 0.014738396480329366
0.011071482306312032 0.01450186530729753
0.011262378766064524 0.014764589090169054
0.010988645617628438 0.015146447395652735
0.0113437450805825 0.014861221056642414
0.011369007973441349 0.014877603287353802
0.011329719469476232 0.014797976837540677
0.010857905383723398 0.014074802729309189
0.011111733933127494 0.014431502221252238
0.010259155924532354 0.01314209705314822
0.011222013424951391 0.014553732202058127
0.011144250926845288 0.014417213102982888
0.011380849609005386 0.014081241106096222
0.011181543787989412 0.014416458797523686
0.010598899955324951 0.013529026897811696
0.014174068561208031 0.010294848427545817
0.011276877873109922 0.014305850654831812
0.012887340367019174 0.011711967016262537
0.011175330959432168 0.014004679842522207
0.011284036528271316 0.014146359919826467
0.01133430424785622 0.01420120706702753
0.010776329247053192 0.013352043368297132
0.011538580561975818 0.014465222765228944
0.011513726359567347 0.014408551182885648
0.011467292077973205 0.014319871577353413
0.01139969547835591 0.014199811688142201
0.010969839348097421 0.01464024566565504
0.01139606481223129 0.014383645009421237
0.011382279365387798 0.014143835587375746
0.011662545566816758 0.014540816899904805
0.011239414229434285 0.013892778174353528
0.011209217800581055 0.013828611789859696
0.011494350738058386 0.014361156469652095
0.011027626914841486 0.01373929001376712
0.011446889925906359 0.014131546722990928
0.011026857187219491 0.013488249913707815
0.011719524215140387 0.014354975812432197
0.011159304968500901 0.013643653121331643
0.011642507171802794 0.014342829816497794
0.011578456064218248 0.01443124788584718
0.012538727445882426 0.013106814470987788
0.011639062425775538 0.014230409535081397
0.01265772989233679 0.012997803263797555
0.012569874769283701 0.013108096265458754
0.01182443408701928 0.013768859541384081
0.012540663843146704 0.012879338709683387
0.01292046849062436 0.012852084822002792
0.011901543987325068 0.014267868613642338
0.011381785443776913 0.014549272213288115
0.011476910760942129 0.013624136830556926
0.010937599704260767 0.012805671763877091
0.011122929625772401 0.013062825300191459
0.011614809680320897 0.013774926508653747
0.011650515395823685 0.013810042019198018
0.011677414274267777 0.013832130468987019
0.011654672241613928 0.013780606440372774
0.011674251498061132 0.013791925065348497
0.010958882376896566 0.014605816348875238
0.011177856146352264 0.014303913670109112
0.011402409637643758 0.014017250696073276
0.01124958411576218 0.014262585453161971
0.010816899831863737 0.01488714524093125
0.011813941434955868 0.013347854752673778
0.010955595009811964 0.014237378098918719
0.011177690997657766 0.01308304534837226
0.011416661537617862 0.013094694040881148
0.010852146820395816 0.014218224951212733
0.010459481362693644 0.014554484718570918
0.010874906203897384 0.014131706374232814
0.010904392406076897 0.014062316113245758
0.010997550304423204 0.013907905532612138
0.010308008233676082 0.014734453057311612
0.010926315565455508 0.013376736439618122
0.011240526982828153 0.013355444427497242
0.011305524802456413 0.013436217082083823
0.011131906152748033 0.013311171575517667
0.012519608163433978 0.011544453577647964
0.011158680852897217 0.011200492156088532
0.011464691557894964 0.01291559672371318
0.010911791164004514 0.013312577564214624
0.01107592118381208 0.012792036232876586
0.01116014666126122 0.012899856074830074
0.011120614903897022 0.01282441778312282
0.01119993007376085 0.012751135972847452
0.011229784622910565 0.012948876954667017
0.01115733662356576 0.012824830857251987
0.011226580261524403 0.012910649395930144
0.011222728532728102 0.012888270126189507
0.011229947370041772 0.012882325121771536
0.011285884191063947 0.012948546734241272
0.011246598380289652 0.01287383602331701
0.011264823550568787 0.012884307280075996
0.011259864715325795 0.012860500916023813
0.011464911894140435 0.011090946137797642
0.01066246765467334 0.011901373034966134
0.011473120540281571 0.01137969189798574
0.010858494273456691 0.011830030142459844
0.010804120924193753 0.012021554007266264
0.011410341969858706 0.012901564445771906
0.011032344870407806 0.0123268081773193
0.011019573955103255 0.012291942972765245
0.01074082074479198 0.01259674898297091
0.01121522971318117 0.013022787648301146
0.011028753561676834 0.013078098859971953
0.012488138653380883 0.01115208736422538
0.013891785977131454 0.013825992629162393
0.014864744627206185 0.019245025593698912
0.011950622478204767 0.013062488073951809
0.011720318212322913 0.013384364809804475
0.012375321166973452 0.012499639820503939
0.012306116679154577 0.012601909988323619
0.011876682599433563 0.013195173454906743
0.01454790049030999 0.009561801756460302
0.011920970179567574 0.013150653012640044
0.012956149011614192 0.015261600523673254
0.012970648086006542 0.01180422016501882
0.01198580550916882 0.01315500943144774
0.012091161929334862 0.013019089563791494
0.012003741084752662 0.013146051813237159
0.015831820120074308 0.018793154324107365
0.01664700496623325 0.01998373074422141
0.014206200659394872 0.01635837443938674
0.01581709376348982 0.018725719431678608
0.012320378054703726 0.013539798825654625
0.01484297186972976 0.010107875416745795
0.012385144941416867 0.013464937480617464
0.012392622372249527 0.013461429731062506
0.012257563706321964 0.01053949098590462
0.012404868321988782 0.01339781334345069
0.013599707760847794 0.01177509190706285
0.012938771511197822 0.012683104997910142
0.012459960301812586 0.013342760769578183
0.012467293715625556 0.01333941993124078
0.013143167338523077 0.012424235123101859
0.014385596967273692 0.010736125685654364
0.01294748058681256 0.009075106079786297
0.012977482564884946 0.01260024652329164
0.012849735953719658 0.012781189094804834
0.013881828705255329 0.011379513482598275
0.013060712747558614 0.012506552438510869
0.01290795709982458 0.012721592762376477
0.011645610262316529 0.01173902716265299
0.012196342859334684 0.013653273992840583
0.011652978784381821 0.012151974196478241
0.01167112411039123 0.012136466442286737
0.011863299255679777 0.011929144893057294
0.012902159829358304 0.008006514184670828
0.010582651195004197 0.011128661529261848
0.012045065044240853 0.01207666359870052
0.011988376859999686 0.011979730343486334
0.012137281940175333 0.01218687531478912
0.012603805538404825 0.012863714724003265
0.013277903428527093 0.013847474706899844
0.01213404782689263 0.012143061848236368
0.012672751628944849 0.012926599142039008
0.012605934248271425 0.012814850331957428
0.012612887692029206 0.012812204294143436
0.01261982522982845 0.012809564281331063
0.012079484133778039 0.013552212578874689
0.01110424631217558 0.010572287793137975
0.012601608432079305 0.012773370476624604
0.012389787089048974 0.013068782777501044
0.011996739648787256 0.013130811065919649
0.012157729864218236 0.013389441468069058
0.012116771840770665 0.01345205537635122
0.012065773816682106 0.012771119723337682
0.012803023864067405 0.014750886226658343
0.01361411964695351 0.015629184003873413
0.013155367894464563 0.013645735790468266
0.012564505851364453 0.012757948451513708
0.013396833180760931 0.013977668915998968
0.012679698160088647 0.012903044035999059
0.012250193296274347 0.013493750285698514
0.01281991036594997 0.012725276651102724
0.012694314625619017 0.012902581610799468
0.012701029091268839 0.012899892486816335
0.012520912033141544 0.013151359837063585
0.011120278397125928 0.011677160990604687
0.011147696769445261 0.01110747095400242
0.010559918542891282 0.011154196327759165
0.011105810179601874 0.012350945215466496
0.012690533603320292 0.01259644293568742
0.011758472982770074 0.01243052686138412
0.010904376421475258 0.012880200021412542
0.010756009140065819 0.012384027667002325
0.010963333828379123 0.011378879394379399
0.011335941694606532 0.010960543905133693
0.011114191159870359 0.012189351065735448
0.012654349601443536 0.011807058467888761
0.010954890589679198 0.011599639057632498
0.011671140223365559 0.011588667378063779
0.01174165288718134 0.011377352520330728
0.01546319357510444 0.008094516113739446
0.011458999676225818 0.011348859748567048
0.01122204718361432 0.01015726308726957
0.010481959859404566 0.010423125895280865
0.01148651889696663 0.010410757325176287
0.011452834354372351 0.010903789459522943
0.01102902483464777 0.0102315300820667
0.012411831773009313 0.01233407225775481
0.012762975756561417 0.011812257690967594
0.01272356243986602 0.009105342169436407
0.015592695303863124 0.010445748556752213
0.013543311954997543 0.006805314055973607
0.014504919077887719 0.006607228199284511
0.014144039597799526 0.014281119182376085
0.016014951244003334 0.010181160454747755
0.01745542182008231 0.01638654566288187
0.012794746341105416 0.012076633754518604
0.017085328826585717 0.012090514152397494
0.017767487062551927 0.013622601882445441
0.014892143845027744 0.014172557958666088
0.01287910146803191 0.012328333247299683
0.017275236804694626 0.017870888567417646
0.017957839175330205 0.015489358368360389
0.01648179034474448 0.011955690233156494
0.01530105442135415 0.015297616339785838
0.013308491196806747 0.012342970687121202
0.01937678253055276 0.0040870677067490575
0.013431391865867644 0.012187344353430595
0.013436983518794092 0.012185545887694856
0.013442563266427234 0.012183751236657324
0.0134481311467461 0.012181960388194121
0.015034916923200687 0.014513458779057584
0.017179514618728946 0.017668195581283467
0.017436500547563908 0.01803723143209077
0.013635105123556217 0.01241799998684355
0.013640449247996931 0.01241597262159172
0.013645782058831104 0.012413949522956788
0.01365110359194525 0.012411930677484473
0.01365641388307356 0.01240991607177666
0.013526183998832908 0.012208003889911863
0.014487563137954367 0.013616182794831446
0.011814642330275654 0.009664326820598647
0.013656885950912344 0.01237143499576215
0.01366216085642504 0.012369472789181254
0.013667424691509167 0.012367514678500576
0.013672677490975739 0.012365560650908825
0.013677919289490687 0.012363610693648318
0.013683150121574615 0.012361664794014323
0.013688370021603597 0.012359722939354384
0.013693579023810826 0.012357785117069215
0.01200374686084295 0.014663983917283203
0.015072463930323698 0.010490214647493569
0.015680147575476994 0.009667619757895977
0.015184610171911425 0.01034758188447255
0.013794158011325818 0.012246423305755953
0.012478820086030564 0.010502408445109261
0.013216203799426089 0.010063961244387359
0.012192262071937288 0.009693227824911717
0.014597711996516242 0.01149632395464197
0.01249482718467417 0.01124491481978357
0.01305456851584237 0.010634490496295758
0.013842545021106739 0.013194563921869289
0.013564799156071401 0.013460683842256774
0.013396399508750479 0.010702597081092101
0.013330733823856999 0.010040037455881862
0.0132082320665244 0.011738422346208682
0.013496359097334137 0.011883604289932794
0.012745366657225395 0.011976494259795287
0.013001448194678024 0.011850430992424287
0.01329203536747691 0.010991121584000495
0.012537394893905443 0.011749417438517056
0.01307004152741292 0.011329306255909418
0.013281471109789368 0.011264144446676264
0.013179887837187187 0.011331705463353684
0.013170688689696222 0.011416462853501995
0.013022605710355928 0.011602948230783179
0.0133780871097349 0.012213235694808464
0.01337428335239679 0.011815751090261041
0.012415239689619205 0.012396331963322555
0.01316066549183152 0.012090841490361439
0.012897741663812672 0.011479180858781303
0.013033253783355113 0.0117265119733747
0.012966827433679922 0.011747920526063698
0.013002316545764775 0.011693809551165786
0.013149754620791864 0.011790836910560641
0.013211937160453175 0.011927560033261625
0.013073807782861121 0.011731457570481031
0.012606970002571063 0.012739077501047528
0.013182986025255404 0.01199533913498227
0.0129003036927308 0.012361301559989735
0.013185595025643626 0.01200263078906558
0.01290914423940047 0.012395152552597915
0.013023309370430183 0.012293304919631267
0.012707950991835179 0.012692852638866676
0.01298804101651953 0.01229407445913764
0.012585515686386377 0.012461867165116759
0.012868311993859755 0.012249709638582568
0.012531200674141789 0.012710488868487106
0.012991269127891251 0.012346489052087562
0.012679070545726697 0.012299065570401944
0.012662123644118582 0.01232216587915722
0.012315374269821823 0.012780655109685072
0.012443595406544394 0.012957944427369335
0.012528162461165454 0.012700759474786823
0.012613141160739211 0.012404094587452263
0.012708735869186982 0.0127414336780145
0.012570454256413077 0.012567090929156746
0.012535500373230243 0.012699674109902102
0.0124212801585416 0.012944402488419349
0.012656440845837107 0.012541219651461731
0.012053891608044778 0.013026654280859576
0.012590760864671396 0.012431241213352213
0.012471274717409341 0.01296730422629847
0.012250592912369032 0.013099959139505438
0.012635079108528605 0.012223135712349878
0.012789443386182398 0.01244269345356991
0.012795969283051465 0.012360385531284625
0.012659161376870834 0.01282832437703756
0.01267883544993109 0.012654718059197215
0.012731509789969857 0.012595238007836813
0.012783435201558635 0.012819929655950083
0.012285109706467897 0.013071123839451155
0.012330264182061516 0.013202117924820567
0.012617819838539369 0.012713562257687924
0.012805218381917888 0.013061287422984454
0.012708938877805248 0.013047992231702181
0.012337933265826261 0.013283542356108183
0.012274944311642427 0.013606251091551313
0.01249670323365622 0.01291648310537214
0.012590282788276314 0.01308458982705961
0.012340526311439745 0.013608988535998205
0.012394823494492835 0.012761407303303426
0.012459550798447657 0.013626979924979998
0.013201430976040571 0.012279466361605835
0.01226340977116938 0.01320297877580654
0.012549884357277821 0.013046818229181396
0.012506267614052297 0.013065380908547237
0.01250651193565213 0.013086806374322133
0.011983802109165113 0.01407511685597074
0.01305037658548182 0.012901312918158799
0.013929942622729544 0.011627265012988464
0.012780248562771351 0.012374086312382808
0.013264055052193332 0.012456078144842859
0.013303367922121693 0.01250338904315501
0.018745786347080885 0.005140766326988477
0.013235524578182108 0.012137001309279926
0.013389834155114513 0.012349774403274935
0.014868361599236121 0.010558715384562862
0.01345033326894877 0.012356476044720463
0.01547039193026591 0.009688324780907134
0.013361182817786258 0.012121726650497319
0.013426991784403383 0.01220760207701157
0.013285698309014497 0.011995886344599988
0.013211399204358746 0.011880463716999532
0.013274156089675785 0.011962000996528725
0.012905295208640578 0.011423363997810203
0.0131640095583558 0.011786500831409284
0.01184267434698772 0.01379231835973195
0.011539848422540694 0.014358724119485161
0.01271003538982083 0.011248236957203136
0.011572534154928286 0.013153929573700334
0.011484788142303142 0.01343749939954028
0.0112041366027419 0.012725224297753449
0.011798900195441255 0.014271036378023221
0.012254051342472198 0.015291561158864281
0.011665499719160876 0.014489553667362461
0.011547047192402245 0.014656278035790919
0.01125555461936526 0.015058899608735793
0.013197650429469906 0.012416383119261853
0.013202720251577458 0.012414627855110884
0.013207780703359333 0.012412875792291505
0.013212831810766693 0.012411126922053378
0.013217873599655889 0.012409381235678137
0.01322290609578758 0.01240763872447983
0.013227929324827397 0.012405899379802911
0.013232943312346883 0.012404163193023808
0.013237948083823448 0.0124024301555508
0.013242943664640853 0.012400700258822249
0.013247930080090111 0.012398973494308262
0.013252907355368876 0.012397249853509689
0.013257875515583207 0.012395529327958019
0.013262834585746857 0.012393811909214934
0.013267784590782225 0.012392097588873297
0.013272725555521047 0.012390386358555728
0.014727389226062948 0.014470288045012963
0.013305020766964545 0.012419192403241752
0.013309914824702004 0.012417461223284812
0.01331479997593583 0.01241573315291074
0.013319676244954903 0.01241400818374893
0.013324543655959349 0.01241228630745842
0.013329402233061475 0.012410567515728542
0.013334252000286618 0.012408851800278049
0.013339092981572851 0.01240713915285555
0.01334392520077127 0.01240542956523918
0.013348748681647434 0.01240372302923637
0.013353563447880145 0.012402019536683757
0.013358369523063669 0.012400319079446491
0.0133631669307064 0.01239862164942003
0.013367955694232532 0.012396927238526917
0.013372735836981939 0.012395235838720549
0.013377507382210128 0.012393547441980629
0.013382270353089346 0.012391862040316831
0.013387024772708632 0.012390179625766802
0.013391770664074263 0.012388500190396045
0.01393080102674862 0.011657432338292827
0.013409485063057483 0.012373890145919973
0.014741536322168411 0.010560071524971123
0.013439317157941612 0.012342700846472694
0.011706546339884527 0.014713079305524693
0.013458756120665626 0.012325664274543237
0.016852618127450383 0.007696120457870559
0.013805784688171788 0.011861298552755169
0.013494362611706605 0.01229123852984627
0.013489205347767316 0.012302993960795377
0.013503420872670245 0.012288288010518058
0.015877875365363333 0.0090503490234777
0.017479605902092472 0.006867253190688738
0.01277212077823231 0.013301011771039258
0.013683102870404673 0.01206164304942372
0.012749393790109826 0.01334143926381033
0.012652689393034235 0.013478189701197999
0.013767545304979985 0.011960264960733715
0.013600206644137556 0.012193449467263511
0.013604678747503212 0.012191971067457464
0.0130286609480108 0.01385606543732986
0.013604762798004636 0.012213967977915286
0.01360921937791059 0.012212475439811785
0.013613668135745004 0.012210985488839551
0.013618109092081802 0.012209498118278142
0.013622542267422686 0.012208013321429536
0.01362696768219798 0.012206531091619687
0.013631385356766244 0.012205051422196972
0.013635795311414926 0.012203574306532966
0.013640197566360705 0.012202099738022215
0.013644592141749767 0.01220062771008192
0.013648979057658082 0.012199158216151584
0.013653358334091682 0.012197691249693802
0.013657729990986939 0.012196226804193586
0.01425412421067227 0.013043355571688106
0.013727167699890817 0.012280332263269397
0.013734920614270856 0.012283752994624092
0.013597111674750986 0.012078557513153447
0.013688544590688146 0.012201941614279555
0.013692862979239634 0.012200480551345075
0.01361763013450512 0.012085019503707859
0.013700303426110491 0.012195883425653102
0.013704600340955126 0.012194431107969363
0.013708889844442605 0.01219298126591723
0.01371317195572998 0.012191533893171635
0.013717446693907974 0.01219008898342994
0.013721714078001879 0.012188646530410258
0.013725974126971421 0.012187206527852348
0.0137302268597115 0.012185768969517282
0.01567989335528007 0.014972319948236204
0.01376733125112338 0.01222391479152866
0.015906628658824713 0.015282186393751767
0.01389167635987748 0.012387122683230879
0.013812582432145783 0.012266315012293808
0.013816740692264335 0.012264817702545757
0.013820891851407474 0.012263322919681333
0.013835285050408888 0.012276516441533679
0.01379588689859966 0.01221264667388497
0.013827049467257832 0.012249893489274319
0.013821593357869066 0.012234683831093244
0.013743235026319153 0.012115033137672218
0.013762705148782755 0.012135564468039456
0.013792270309436026 0.012170571385246923
0.013849823513937796 0.01224568931260714
0.013853914113033942 0.012244220704404132
0.013857997787244778 0.012242754555767487
0.01386207455413848 0.012241290860523455
0.013866144431224438 0.012239829612519256
0.013870207435952435 0.012238370805622656
0.013847324215369902 0.012198320603393256
0.014034255537680417 0.012458864789032372
0.013884225251894467 0.012236687696895376
0.013284754552172031 0.013063251187973112
0.013520333634683896 0.013027391622662015
0.013882179543979684 0.012255674388100952
0.013886205074699015 0.012254210637610244
0.01400159744452859 0.012412253976494618
0.01389583581300616 0.012253581712931966
0.013899839739947255 0.012252123197307226
0.01332988490211892 0.013038556518702232
0.013899517635564271 0.012260621156946183
0.013903508503151488 0.012259160518038544
0.013907492710754144 0.012257702291547793
